# pulse height: 30
# THL 	 Mean hits
200	1
201	1
202	1
203	1
204	1
205	1
206	1
207	1
208	1
209	1
210	1
211	1
212	1
213	1
214	1
215	1
216	1
217	1
218	1
219	1
220	1
221	1
222	1
223	1
224	1
225	1
226	1
227	1
228	1
229	1
230	1
231	1
232	1
233	1
234	1
235	1
236	1
237	1
238	1
239	1
240	1
241	1
242	1
243	1
244	1
245	1
246	1
247	1
248	1
249	1
250	1
251	1
252	1
253	1
254	1
255	1
256	1
257	1
258	1
259	1
260	1
261	1
262	1
263	1
264	1
265	1
266	1
267	1
268	1
269	1
270	1
271	1
272	1
273	1
274	1
275	1
276	1
277	1
278	1
279	1
280	1
281	1
282	1
283	1
284	1
285	1
286	1
287	1
288	1
289	1
290	1
291	1
292	1
293	1
294	1
295	1
296	1
297	1
298	1
299	1
300	1
301	1
302	1
303	1
304	1
305	1
306	1
307	1
308	1
309	1
310	1
311	1
312	1
313	1
314	1
315	1
316	1
317	1
318	1
319	1
320	1
321	1
322	1.00391
323	1
324	1.00391
325	1.00391
326	1.00391
327	1.02734
328	1.01172
329	1.0625
330	1.05859
331	1.05859
332	1.12109
333	1.17578
334	1.16406
335	1.35938
336	1.37891
337	1.50391
338	1.67187
339	1.77734
340	2.14844
341	2.44141
342	3.10547
343	4.29688
344	7.11328
345	10.6602
346	20.5664
347	35.8242
348	62.1953
349	91.5938
350	129.629
351	184.539
352	237.715
353	308.93
354	401.406
355	489.949
356	590.293
357	675.137
358	745.738
359	815.203
360	855.168
361	902.316
362	935.977
363	963.008
364	979.348
365	988.488
366	994.723
367	997.422
368	999.207
369	1000.13
370	1000.59
371	1000.93
372	1001.02
373	1001.13
374	1001.18
375	1001.26
376	1001.31
377	1001.46
378	1001.54
379	1001.76
380	1001.89
381	1002.24
382	1002.5
383	1003.31
384	1004.14
385	1004.92
386	1007.67
387	1010.11
388	1016.02
389	1031.43
390	1060.15
391	1113.29
392	1233.79
393	1447.26
394	1680.97
395	2219.18
396	2570.93
397	3106.41
398	4119.53
399	4843.16
400	5313.34
401	5696.05
402	5854.79
403	5656.64
404	5254.05
405	4553.1
406	3914.66
407	3195.33
408	2512.16
409	2065.04
410	1745.98
411	1400.02
412	1247.47
413	1137.14
414	1079.32
415	1038.68
416	1017.9
417	1007.11
418	1002.81
419	1001.18
420	1000.55
421	1000.12
422	1000.06
423	1000.03
424	1000.02
425	1000.02
426	1000
427	1000
428	1000
429	1000
430	1000
431	1000
432	1000
433	1000
434	1000
435	999.992
436	999.992
437	999.961
438	999.883
439	999.645
440	999.211
441	998.371
442	996.383
443	992.855
444	987.535
445	975.273
446	964.398
447	948.137
448	917.957
449	872.414
450	813.02
451	752.504
452	676.902
453	599.859
454	493.699
455	418.852
456	334.086
457	260.105
458	195.5
459	137.68
460	99.793
461	67.5
462	44.9648
463	27.3867
464	16.2891
465	8.875
466	4.79297
467	2.30078
468	1.13281
469	0.511719
470	0.1875
471	0.144531
472	0.0664063
473	0.015625
474	0.015625
475	0
476	0
477	0
478	0
479	0
480	0
481	0
482	0
483	0
484	0
485	0
486	0
487	0
488	0
489	0
490	0
491	0
492	0
493	0
494	0
495	0
496	0
497	0
498	0
499	0
500	0
501	0
502	0
503	0
504	0
505	0
506	0
507	0
508	0
509	0
510	0
511	0
512	0
513	0
514	0
515	0
516	0
517	0
518	0
519	0
520	0
521	0
522	0
523	0
524	0
525	0
526	0
527	0
528	0
529	0
530	0
531	0
532	0
533	0
534	0
535	0
536	0
537	0
538	0
539	0
540	0
541	0
542	0
543	0
544	0
545	0
546	0
547	0
548	0
549	0
550	0
551	0
552	0
553	0
554	0
555	0
556	0
557	0
558	0.5
559	0
560	0
561	0
562	0
563	0
564	0
565	0
566	0
567	0
568	0
569	0
570	0
571	0.25
572	0
573	0
574	0.5
575	0
576	0
577	0
578	0
579	0
580	0
581	0
582	0
583	0
584	0
585	0
586	0
587	0
588	0
589	0
590	0
591	0
592	0
593	0
594	0
595	0
596	0
597	0
598	0
599	0
