# pulse height: 35
# THL 	 Mean hits
200	1
201	1
202	1
203	1
204	1
205	1
206	1
207	1
208	1
209	1
210	1
211	1
212	1
213	1
214	1
215	1
216	1
217	1
218	1
219	1
220	1
221	1
222	1
223	1
224	1.00391
225	1.00391
226	1
227	1.00391
228	1.00781
229	1.02344
230	1.01563
231	1.03516
232	1.10156
233	1.09375
234	1.125
235	1.26172
236	1.09375
237	1.16406
238	1.38281
239	1.64062
240	1.92578
241	1.88281
242	1.91406
243	2.17578
244	1.91016
245	2.47656
246	2.37109
247	3.05859
248	4.35156
249	4.19922
250	4.23438
251	8.20703
252	4.31641
253	4.46484
254	20.2539
255	51.8125
256	113.898
257	119.746
258	116.52
259	231.992
260	123.605
261	259.82
262	400.113
263	573.926
264	731.34
265	745.051
266	730.645
267	859.543
268	741.711
269	734.145
270	938.688
271	976.871
272	992.863
273	993.445
274	993.203
275	999.109
276	993.215
277	994.387
278	1000.7
279	1000.93
280	1001.09
281	1001.09
282	1001.09
283	1001.19
284	1001.09
285	1001.07
286	1001.45
287	1001.93
288	1002.45
289	1002.59
290	1002.66
291	1003.06
292	1002.97
293	1003.5
294	1003.59
295	1004.18
296	1004.99
297	1004.96
298	1005.14
299	1006.68
300	1005.08
301	1009.11
302	1010.32
303	1020.04
304	1060.11
305	1059.75
306	1065.29
307	1207.73
308	1063.2
309	1576.65
310	1549.41
311	2418.09
312	3709.55
313	3705.96
314	3810.44
315	5223.21
316	3868.37
317	3811.27
318	5891.93
319	5302.48
320	3930.55
321	4003.39
322	3960.41
323	2491.49
324	3896.37
325	1628.93
326	1640.73
327	1196.7
328	1053.86
329	1047.66
330	1050.84
331	1009.36
332	1049.76
333	1049.01
334	1002.11
335	1000.26
336	1000.04
337	1000.04
338	1000.09
339	1000
340	1000.03
341	1000.01
342	1000
343	1000
344	1000
345	1000
346	1000
347	1000
348	1000
349	1000
350	1000
351	1000
352	999.992
353	999.984
354	999.992
355	999.965
356	999.898
357	999.926
358	999.934
359	999.801
360	999.621
361	999.656
362	999.496
363	998.992
364	999.676
365	997.93
366	997.34
367	990.922
368	973.883
369	975.34
370	975.984
371	937.719
372	975.793
373	862.961
374	865.66
375	743.984
376	587.102
377	590.555
378	589.566
379	418.402
380	588.043
381	577.289
382	249.77
383	125.395
384	55.3945
385	52.5352
386	52.3438
387	20.957
388	51.8555
389	49.1797
390	6.74609
391	1.74219
392	0.507812
393	0.449219
394	0.488281
395	0.0859375
396	0.40625
397	0.382812
398	0.0195312
399	0.00390625
400	0
401	0
402	0
403	0
404	0
405	0
406	0
407	0
408	0
409	0
410	0
411	0
412	0
413	0
414	0
415	0
416	0
417	0
418	0
419	0
420	0
421	0
422	0
423	0
424	0
425	0
426	0
427	0
428	0
429	0
430	0
431	0
432	0
433	0
434	0
435	0
436	0
437	0
438	0
439	0
440	0
441	0
442	0
443	0
444	0
445	0
446	0
447	0
448	0
449	0
450	0
451	0
452	0
453	0
454	0
455	0
456	0
457	0
458	0
459	0
460	0
461	0
462	0
463	0
464	0
465	0
466	0
467	0
468	0
469	0
470	0
471	0
472	0
473	0
474	0
475	0
476	0
477	0
478	0
479	0
480	0
481	0
482	0
483	0
484	0
485	0
486	0
487	0
488	0
489	0
490	0
491	0
492	0
493	0
494	0
495	0
496	0
497	0
498	0
499	0
500	0
501	0
502	0
503	0
504	0
505	0
506	0
507	0
508	0
509	0
510	0
511	0
512	0
513	0
514	0
515	0
516	0
517	0
518	0
519	0
520	0
521	0
522	0
523	0
524	0
525	0
526	0
527	0
528	0
529	0
530	0
531	0
532	0
533	0
534	0
535	0
536	0
537	0
538	0
539	0
540	0
541	0
542	0
543	0
544	0
545	0
546	0
547	0
548	0
549	0
550	0
551	0
552	0
553	0
554	0
555	0
556	0
557	0
558	0
559	0
560	0
561	0
562	0
563	0
564	0
565	0
566	0
567	0
568	0
569	0
570	0
571	0
572	0
573	0
574	0
575	0
576	0
577	0
578	0
579	0
580	0
581	0
582	0
583	0
584	0
585	0
586	0
587	0
588	0
589	0
590	0
591	0
592	0
593	0
594	0
595	0
596	0
597	0
598	0
599	0
