# pulse height: 40
# THL 	 Mean hits
200	1
201	1
202	1
203	1
204	1
205	1
206	1
207	1
208	1
209	1
210	1
211	1
212	1
213	1
214	1
215	1
216	1
217	1
218	1
219	1
220	1
221	1
222	1
223	1
224	1
225	1
226	1
227	1
228	1
229	1
230	1
231	1
232	1
233	1
234	1
235	1
236	1
237	1
238	1
239	1
240	1
241	1
242	1
243	1
244	1
245	1.00781
246	1.00391
247	1.00391
248	1.01563
249	1.00391
250	1.03125
251	1.04688
252	1.02344
253	1.01172
254	1.20313
255	1.17969
256	1.30859
257	1.43359
258	1.57031
259	1.61328
260	1.42969
261	1.82422
262	1.97656
263	1.98438
264	2.20313
265	2.38672
266	2.59766
267	2.77344
268	2.20313
269	2.30859
270	4.41406
271	5.26562
272	8.00391
273	11.7227
274	19.4062
275	34.4258
276	8.02344
277	75.668
278	101.488
279	157.641
280	214.301
281	275.453
282	362.828
283	440.289
284	217.926
285	280.039
286	706.836
287	779.027
288	834.234
289	883.816
290	920.129
291	944.945
292	971.195
293	981.461
294	988.414
295	995.512
296	998.344
297	999.637
298	1000.42
299	1000.72
300	999.922
301	1000.97
302	1000.99
303	1000.99
304	1001
305	1001
306	1001
307	1001
308	1001.02
309	1001.01
310	1001.01
311	1001.02
312	1001.02
313	1001.03
314	1001.03
315	1001.04
316	1001.02
317	1001.03
318	1001.11
319	1001.12
320	1001.18
321	1001.27
322	1001.4
323	1001.57
324	1001.87
325	1002.45
326	1002.78
327	1003.22
328	1003.9
329	1004.69
330	1004.86
331	1005.77
332	1003.51
333	1004.58
334	1011.23
335	1014.31
336	1021.61
337	1038.22
338	1070.39
339	1137.7
340	1216.4
341	1356.03
342	1676.72
343	2209.84
344	2613.87
345	3301.35
346	4076.87
347	4807.44
348	2728.89
349	3476.49
350	5465.62
351	5143.56
352	4623.3
353	4069.11
354	3361.31
355	2792.02
356	2289.64
357	1873.52
358	1530.99
359	1302.27
360	1157.98
361	1091.9
362	1043.06
363	1018.58
364	1048.72
365	1003.54
366	1001.58
367	1000.61
368	1000.32
369	1000.07
370	1000.04
371	1000.02
372	1000
373	1000
374	1000
375	1000
376	1000
377	1000
378	1000
379	1000
380	1000
381	1000
382	1000
383	1000
384	1000
385	1000
386	1000
387	1000
388	1000
389	1000
390	1000
391	1000
392	1000
393	1000
394	1000
395	1000
396	1000
397	1000
398	1000
399	1000
400	1000
401	1000
402	1000
403	999.996
404	1000
405	999.98
406	999.859
407	999.676
408	999.434
409	998.414
410	996.828
411	993.211
412	999.215
413	998.238
414	963.469
415	941.328
416	908.312
417	869.59
418	828.926
419	745.848
420	654.445
421	557.512
422	481.469
423	417.699
424	327.719
425	251.93
426	189.383
427	130.293
428	324.543
429	57.0352
430	37.4297
431	20.1875
432	11.5391
433	7.53906
434	3.55469
435	1.47656
436	10.1641
437	0.664062
438	0.320313
439	0.121094
440	0.0585937
441	0.0195313
442	0
443	0.00390625
444	0.0390625
445	0.0351563
446	0
447	0
448	0
449	0
450	0
451	0
452	0
453	0
454	0
455	0
456	0
457	0
458	0
459	0
460	0
461	0
462	0
463	0
464	0
465	0
466	0
467	0
468	0
469	0
470	0
471	0
472	0
473	0
474	0
475	0
476	0
477	0
478	0
479	0
480	0
481	0
482	0
483	0
484	0
485	0
486	0
487	0
488	0
489	0
490	0
491	0
492	0
493	0
494	0
495	0
496	0
497	0
498	0
499	0
500	0
501	0
502	0
503	0
504	0
505	0
506	0
507	0
508	0
509	0
510	0
511	0
512	0
513	0
514	0
515	0
516	0
517	0
518	0
519	0
520	0
521	0
522	0
523	0
524	0
525	0
526	0
527	0
528	0
529	0
530	0
531	0
532	0
533	0
534	0
535	0
536	0
537	0
538	0
539	0
540	0
541	0
542	0
543	0
544	0
545	0
546	0
547	0
548	0
549	0
550	0
551	0
552	0
553	0
554	0
555	0
556	0
557	0
558	0
559	0
560	0
561	0
562	0
563	0
564	0
565	0
566	0
567	0
568	0
569	0
570	0
571	0
572	0
573	0
574	0
575	0
576	0
577	0
578	0
579	0
580	0
581	0
582	0
583	0
584	0
585	0
586	0
587	0
588	0
589	0
590	0
591	0
592	0
593	0
594	0
595	0
596	0
597	0
598	0
599	0
