# pulse height: 30
# THL 	 Mean hits
200	1
201	1
202	1
203	1
204	1
205	1
206	1
207	1
208	1
209	1
210	1
211	1
212	1
213	1
214	1
215	1
216	1
217	1
218	1
219	1
220	1
221	1
222	1
223	1
224	1
225	1
226	1
227	1
228	1
229	1
230	1
231	1
232	1
233	1
234	1
235	1
236	1
237	1
238	1
239	1
240	1
241	1
242	1
243	1
244	1
245	1
246	1
247	1
248	1
249	1
250	1
251	1
252	1
253	1
254	1
255	1
256	1
257	1
258	1
259	1
260	1
261	1
262	1
263	1
264	1
265	1
266	1
267	1.01172
268	1
269	1.00781
270	1.0625
271	1.05469
272	1.07812
273	1.13672
274	1.20703
275	1.3125
276	1.10156
277	1.46484
278	1.64844
279	1.71094
280	1.78125
281	1.91016
282	2.09766
283	2.21094
284	1.80469
285	1.97656
286	2.78516
287	3.03516
288	3.68359
289	5.02344
290	6.58203
291	9.125
292	14.0273
293	21.9375
294	33.2852
295	51.9648
296	91.8555
297	130.691
298	180.707
299	257.883
300	137.027
301	392.262
302	489.437
303	566.914
304	684.449
305	745.703
306	811.738
307	869.492
308	916.164
309	945.48
310	959.766
311	980.133
312	989.207
313	994.809
314	998.117
315	999.785
316	990.145
317	994.871
318	1001.04
319	1001.15
320	1001.17
321	1001.29
322	1001.37
323	1001.54
324	1001.95
325	1002.39
326	1002.73
327	1003.16
328	1003.75
329	1004.76
330	1005.37
331	1006.02
332	1003.8
333	1004.3
334	1010.94
335	1015.14
336	1022.39
337	1033.07
338	1054.5
339	1114.84
340	1190.37
341	1367.42
342	1635.18
343	1907.47
344	2501.57
345	3143.19
346	3825.97
347	4558.36
348	2473.86
349	3250.09
350	5660.42
351	5429.03
352	5026.82
353	4345.85
354	3540.31
355	3020.16
356	2364.46
357	1924.9
358	1484.04
359	1275
360	1171.65
361	1092.31
362	1038.11
363	1019.52
364	1006.73
365	1002.51
366	1001.65
367	1000.43
368	1000.23
369	1000.14
370	1000.04
371	1000.02
372	1000.01
373	1000
374	1000
375	1000
376	1000
377	1000
378	1000
379	1000
380	1000
381	1000
382	999.98
383	999.953
384	999.965
385	999.902
386	999.859
387	999.676
388	999.965
389	998.684
390	997.801
391	996.145
392	991.539
393	985.875
394	976.762
395	960.117
396	992.105
397	985.301
398	849.078
399	801.414
400	720.078
401	638.621
402	568.895
403	467.445
404	735.098
405	651.031
406	235.77
407	164.387
408	110.563
409	75.6914
410	51.8438
411	32.332
412	117.336
413	78.3008
414	5.67187
415	2.97266
416	1.51172
417	0.597656
418	0.304688
419	0.128906
420	0.0820312
421	0.0273438
422	0.015625
423	0.00390625
424	0.00390625
425	0
426	0
427	0
428	0
429	0
430	0
431	0
432	0
433	0
434	0
435	0
436	0
437	0
438	0
439	0
440	0
441	0
442	0
443	0
444	0
445	0
446	0
447	0
448	0
449	0
450	0
451	0
452	0
453	0
454	0
455	0
456	0
457	0
458	0
459	0
460	0
461	0
462	0
463	0
464	0
465	0
466	0
467	0
468	0
469	0
470	0
471	0
472	0
473	0
474	0
475	0
476	0
477	0
478	0
479	0
480	0
481	0
482	0
483	0
484	0
485	0
486	0
487	0
488	0
489	0
490	0
491	0
492	0
493	0
494	0
495	0
496	0
497	0
498	0
499	0
500	0
501	0
502	0
503	0
504	0
505	0
506	0
507	0
508	0
509	0
510	0
511	0
512	0
513	0
514	0
515	0
516	0
517	0
518	0
519	0
520	0
521	0
522	0
523	0
524	0
525	0
526	0
527	0
528	0
529	0
530	0
531	0
532	0
533	0
534	0
535	0
536	0
537	0
538	0
539	0
540	0
541	0
542	0
543	0
544	0
545	0
546	0
547	0
548	0
549	0
550	0
551	0
552	0
553	0
554	0
555	0
556	0
557	0
558	0
559	0
560	0
561	0
562	0
563	0
564	0
565	0
566	0
567	0
568	0
569	0
570	0
571	0
572	0
573	0
574	0
575	0
576	0
577	0
578	0
579	0
580	0
581	0
582	0
583	0
584	0
585	0
586	0
587	0
588	0
589	0
590	0
591	0
592	0
593	0
594	0
595	0
596	0
597	0
598	0
599	0
