# pulse height: 60
# THL 	 Mean hits
200	1
201	1
202	1
203	1
204	1
205	1
206	1
207	1
208	1
209	1
210	1
211	1
212	1
213	1
214	1
215	1
216	1
217	1
218	1
219	1
220	1
221	1
222	1
223	1
224	1
225	1
226	1
227	1
228	1
229	1
230	1
231	1
232	1
233	1
234	1
235	1
236	1
237	1
238	1
239	1
240	1
241	1
242	1
243	1
244	1
245	1
246	1
247	1
248	1
249	1
250	1
251	1
252	1
253	1
254	1
255	1
256	1
257	1
258	1
259	1
260	1
261	1
262	1
263	1
264	2
265	2
266	2
267	2
268	2
269	2
270	4
271	6
272	8
273	11
274	17
275	28
276	8
277	60
278	91
279	139
280	196
281	266
282	329
283	398
284	196
285	252
286	703
287	770
288	821
289	865
290	911
291	944
292	960
293	979
294	989
295	994
296	997
297	999
298	1000
299	1000
300	997
301	1001
302	1001
303	1001
304	1001
305	1001
306	1001
307	1001
308	1001
309	1001
310	1001
311	1001
312	1001
313	1002
314	1002
315	1002
316	1001
317	1002
318	1003
319	1004
320	1005
321	1005
322	1006
323	1007
324	1009
325	1011
326	1012
327	1016
328	1020
329	1027
330	1032
331	1042
332	1021
333	1025
334	1091
335	1121
336	1164
337	1226
338	1378
339	1598
340	1966
341	2215
342	2753
343	3150
344	3665
345	3905
346	4099
347	4299
348	3551
349	3940
350	3800
351	3506
352	3103
353	2692
354	2322
355	1913
356	1605
357	1371
358	1216
359	1131
360	1068
361	1040
362	1025
363	1015
364	1080
365	1005
366	1002
367	1001
368	1001
369	1000
370	1000
371	1000
372	1000
373	1000
374	1000
375	1000
376	1000
377	1000
378	1000
379	1000
380	1000
381	1000
382	1000
383	1000
384	1000
385	1000
386	1000
387	999
388	1000
389	999
390	999
391	999
392	999
393	999
394	999
395	999
396	999
397	999
398	998
399	998
400	997
401	997
402	995
403	993
404	998
405	997
406	977
407	971
408	952
409	930
410	885
411	833
412	939
413	902
414	601
415	506
416	396
417	305
418	243
419	178
420	125
421	78
422	54
423	38
424	24
425	16
426	12
427	7
428	21
429	7
430	2
431	1
432	1
433	1
434	0
435	0
436	2
437	0
438	0
439	0
440	0
441	0
442	0
443	0
444	0
445	0
446	0
447	0
448	0
449	0
450	0
451	0
452	0
453	0
454	0
455	0
456	0
457	0
458	0
459	0
460	0
461	0
462	0
463	0
464	0
465	0
466	0
467	0
468	0
469	0
470	0
471	0
472	0
473	0
474	0
475	0
476	0
477	0
478	0
479	0
480	0
481	0
482	0
483	0
484	0
485	0
486	0
487	0
488	0
489	0
490	0
491	0
492	0
493	0
494	0
495	0
496	0
497	0
498	0
499	0
500	0
501	0
502	0
503	0
504	0
505	0
506	0
507	0
508	0
509	0
510	0
511	0
512	0
513	0
514	0
515	0
516	0
517	0
518	0
519	0
520	0
521	0
522	0
523	0
524	0
525	0
526	0
527	0
528	0
529	0
530	0
531	0
532	0
533	0
534	0
535	0
536	0
537	0
538	0
539	0
540	0
541	0
542	0
543	0
544	0
545	0
546	0
547	0
548	0
549	0
550	0
551	0
552	0
553	0
554	0
555	0
556	0
557	0
558	0
559	0
560	0
561	0
562	0
563	0
564	0
565	0
566	0
567	0
568	0
569	0
570	0
571	0
572	0
573	0
574	0
575	0
576	0
577	0
578	0
579	0
580	0
581	0
582	0
583	0
584	0
585	0
586	0
587	0
588	0
589	0
590	0
591	0
592	0
593	0
594	0
595	0
596	0
597	0
598	0
599	0
