Date__(UT)__HR:MN     R.A._(ICRF/J2000.0)_DEC  APmag  S-brt Ob-lon Ob-lat            delta      deldot    S-O-T /r    S-T-O
****************************************************************************************************************************
$$SOE
 2015-Jan-01 00:00 18 43 37.51 -23 03 35.2 -26.78 -10.59  51.85  -2.97 0.98335038069761  -0.0626359   0.0000 /?   0.0000
 2015-Jan-02 00:00 18 48 02.37 -22 58 45.5 -26.78 -10.59  38.68  -3.09 0.98333290762078  -0.0514715   0.0000 /?   0.0000
 2015-Jan-03 00:00 18 52 26.90 -22 53 28.3 -26.78 -10.59  25.50  -3.21 0.98332162417209  -0.0400484   0.0000 /?   0.0000
 2015-Jan-04 00:00 18 56 51.06 -22 47 43.8 -26.78 -10.59  12.33  -3.32 0.98331665523890  -0.0284679   0.0000 /?   0.0000
 2015-Jan-05 00:00 19 01 14.83 -22 41 32.1 -26.78 -10.59 359.16  -3.44 0.98331806804537  -0.0168286   0.0000 /?   0.0000
 2015-Jan-06 00:00 19 05 38.18 -22 34 53.5 -26.78 -10.59 345.99  -3.55 0.98332587471138  -0.0052228   0.0000 /?   0.0000
 2015-Jan-07 00:00 19 10 01.10 -22 27 48.0 -26.78 -10.59 332.82  -3.66 0.98334003698979   0.0062669   0.0000 /?   0.0000
 2015-Jan-08 00:00 19 14 23.55 -22 20 15.9 -26.78 -10.59 319.65  -3.77 0.98336047241996   0.0175692   0.0000 /?   0.0000
 2015-Jan-09 00:00 19 18 45.52 -22 12 17.5 -26.78 -10.59 306.49  -3.88 0.98338706093455   0.0286241   0.0000 /?   0.0000
 2015-Jan-10 00:00 19 23 06.97 -22 03 52.9 -26.78 -10.59 293.32  -3.99 0.98341965096057   0.0393812   0.0000 /?   0.0000
 2015-Jan-11 00:00 19 27 27.90 -21 55 02.3 -26.78 -10.59 280.15  -4.10 0.98345806427007   0.0497974   0.0000 /?   0.0000
 2015-Jan-12 00:00 19 31 48.27 -21 45 46.1 -26.78 -10.59 266.98  -4.20 0.98350209919857   0.0598335   0.0000 /?   0.0000
 2015-Jan-13 00:00 19 36 08.06 -21 36 04.5 -26.78 -10.59 253.81  -4.31 0.98355153228768   0.0694519   0.0000 /?   0.0000
 2015-Jan-14 00:00 19 40 27.25 -21 25 57.8 -26.78 -10.59 240.64  -4.41 0.98360611888694   0.0786160   0.0000 /?   0.0000
 2015-Jan-15 00:00 19 44 45.83 -21 15 26.3 -26.78 -10.59 227.48  -4.51 0.98366559377156   0.0872909   0.0000 /?   0.0000
 2015-Jan-16 00:00 19 49 03.78 -21 04 30.2 -26.78 -10.59 214.31  -4.61 0.98372967339453   0.0954483   0.0000 /?   0.0000
 2015-Jan-17 00:00 19 53 21.06 -20 53 09.8 -26.78 -10.59 201.14  -4.71 0.98379806189957   0.1030748   0.0000 /?   0.0000
 2015-Jan-18 00:00 19 57 37.67 -20 41 25.6 -26.78 -10.59 187.97  -4.81 0.98387046317736   0.1101844   0.0000 /?   0.0000
 2015-Jan-19 00:00 20 01 53.58 -20 29 17.7 -26.78 -10.59 174.81  -4.90 0.98394660050993   0.1168316   0.0000 /?   0.0000
 2015-Jan-20 00:00 20 06 08.78 -20 16 46.7 -26.78 -10.59 161.64  -5.00 0.98402624314996   0.1231211   0.0000 /?   0.0000
 2015-Jan-21 00:00 20 10 23.25 -20 03 52.7 -26.78 -10.59 148.47  -5.09 0.98410923560057   0.1292066   0.0000 /?   0.0000
 2015-Jan-22 00:00 20 14 36.96 -19 50 36.3 -26.78 -10.59 135.31  -5.18 0.98419552188791   0.1352742   0.0000 /?   0.0000
 2015-Jan-23 00:00 20 18 49.90 -19 36 57.7 -26.78 -10.59 122.14  -5.27 0.98428515641426   0.1415137   0.0000 /?   0.0000
 2015-Jan-24 00:00 20 23 02.06 -19 22 57.3 -26.78 -10.59 108.98  -5.36 0.98437829675616   0.1480872   0.0000 /?   0.0000
 2015-Jan-25 00:00 20 27 13.42 -19 08 35.5 -26.78 -10.59  95.81  -5.44 0.98447518046778   0.1551063   0.0000 /?   0.0000
 2015-Jan-26 00:00 20 31 23.96 -18 53 52.7 -26.78 -10.59  82.64  -5.53 0.98457609339947   0.1626262   0.0000 /?   0.0000
 2015-Jan-27 00:00 20 35 33.69 -18 38 49.2 -26.78 -10.59  69.48  -5.61 0.98468133816600   0.1706512   0.0000 /?   0.0000
 2015-Jan-28 00:00 20 39 42.60 -18 23 25.5 -26.78 -10.59  56.31  -5.69 0.98479120864187   0.1791486   0.0000 /?   0.0000
 2015-Jan-29 00:00 20 43 50.67 -18 07 41.9 -26.78 -10.59  43.14  -5.77 0.98490597241905   0.1880619   0.0000 /?   0.0000
 2015-Jan-30 00:00 20 47 57.92 -17 51 38.8 -26.77 -10.59  29.98  -5.85 0.98502586029176   0.1973215   0.0000 /?   0.0000
 2015-Jan-31 00:00 20 52 04.34 -17 35 16.6 -26.77 -10.59  16.81  -5.92 0.98515106067859   0.2068509   0.0000 /?   0.0000
 2015-Feb-01 00:00 20 56 09.92 -17 18 35.7 -26.77 -10.59   3.64  -5.99 0.98528171699347   0.2165710   0.0000 /?   0.0000
 2015-Feb-02 00:00 21 00 14.68 -17 01 36.5 -26.77 -10.59 350.48  -6.07 0.98541792662617   0.2264019   0.0000 /?   0.0000
 2015-Feb-03 00:00 21 04 18.62 -16 44 19.3 -26.77 -10.59 337.31  -6.13 0.98555974087523   0.2362641   0.0000 /?   0.0000
 2015-Feb-04 00:00 21 08 21.74 -16 26 44.5 -26.77 -10.59 324.14  -6.20 0.98570716564527   0.2460802   0.0000 /?   0.0000
 2015-Feb-05 00:00 21 12 24.04 -16 08 52.7 -26.77 -10.59 310.98  -6.27 0.98586016291128   0.2557758   0.0000 /?   0.0000
 2015-Feb-06 00:00 21 16 25.54 -15 50 44.1 -26.77 -10.59 297.81  -6.33 0.98601865291233   0.2652811   0.0000 /?   0.0000
 2015-Feb-07 00:00 21 20 26.24 -15 32 19.1 -26.77 -10.59 284.64  -6.39 0.98618251687059   0.2745310   0.0000 /?   0.0000
 2015-Feb-08 00:00 21 24 26.14 -15 13 38.2 -26.77 -10.59 271.48  -6.45 0.98635159985583   0.2834656   0.0000 /?   0.0000
 2015-Feb-09 00:00 21 28 25.27 -14 54 41.8 -26.77 -10.59 258.31  -6.51 0.98652571333053   0.2920285   0.0000 /?   0.0000
 2015-Feb-10 00:00 21 32 23.62 -14 35 30.2 -26.77 -10.59 245.14  -6.57 0.98670463697195   0.3001659   0.0000 /?   0.0000
 2015-Feb-11 00:00 21 36 21.21 -14 16 03.9 -26.77 -10.59 231.98  -6.62 0.98688811959788   0.3078249   0.0000 /?   0.0000
 2015-Feb-12 00:00 21 40 18.04 -13 56 23.4 -26.77 -10.59 218.81  -6.67 0.98707587942563   0.3149529   0.0000 /?   0.0000
 2015-Feb-13 00:00 21 44 14.13 -13 36 28.9 -26.77 -10.59 205.64  -6.72 0.98726760447230   0.3214986   0.0000 /?   0.0000
 2015-Feb-14 00:00 21 48 09.48 -13 16 20.9 -26.77 -10.59 192.47  -6.77 0.98746295464005   0.3274175   0.0000 /?   0.0000
 2015-Feb-15 00:00 21 52 04.11 -12 55 59.9 -26.77 -10.59 179.31  -6.81 0.98766156779818   0.3326802   0.0000 /?   0.0000
 2015-Feb-16 00:00 21 55 58.02 -12 35 26.3 -26.77 -10.59 166.14  -6.85 0.98786307260907   0.3372871   0.0000 /?   0.0000
 2015-Feb-17 00:00 21 59 51.23 -12 14 40.5 -26.77 -10.59 152.97  -6.90 0.98806711024041   0.3412842   0.0000 /?   0.0000
 2015-Feb-18 00:00 22 03 43.73 -11 53 42.9 -26.77 -10.59 139.80  -6.93 0.98827336464563   0.3447751   0.0000 /?   0.0000
 2015-Feb-19 00:00 22 07 35.55 -11 32 33.9 -26.77 -10.59 126.63  -6.97 0.98848159672061   0.3479215   0.0000 /?   0.0000
 2015-Feb-20 00:00 22 11 26.69 -11 11 14.1 -26.77 -10.59 113.47  -7.00 0.98869167318560   0.3509240   0.0000 /?   0.0000
 2015-Feb-21 00:00 22 15 17.16 -10 49 43.8 -26.77 -10.59 100.30  -7.04 0.98890358000839   0.3539889   0.0000 /?   0.0000
 2015-Feb-22 00:00 22 19 06.96 -10 28 03.5 -26.77 -10.59  87.13  -7.07 0.98911741489312   0.3572917   0.0000 /?   0.0000
 2015-Feb-23 00:00 22 22 56.10 -10 06 13.5 -26.77 -10.59  73.96  -7.09 0.98933336167858   0.3609530   0.0000 /?   0.0000
 2015-Feb-24 00:00 22 26 44.61 -09 44 14.4 -26.76 -10.59  60.79  -7.12 0.98955165592950   0.3650325   0.0000 /?   0.0000
 2015-Feb-25 00:00 22 30 32.50 -09 22 06.6 -26.76 -10.59  47.62  -7.14 0.98977255183919   0.3695379   0.0000 /?   0.0000
 2015-Feb-26 00:00 22 34 19.77 -08 59 50.3 -26.76 -10.59  34.45  -7.16 0.98999629680650   0.3744414   0.0000 /?   0.0000
 2015-Feb-27 00:00 22 38 06.45 -08 37 26.1 -26.76 -10.59  21.28  -7.18 0.99022311527862   0.3796944   0.0000 /?   0.0000
 2015-Feb-28 00:00 22 41 52.56 -08 14 54.3 -26.76 -10.59   8.10  -7.20 0.99045320026218   0.3852389   0.0000 /?   0.0000
 2015-Mar-01 00:00 22 45 38.11 -07 52 15.3 -26.76 -10.59 354.93  -7.21 0.99068670978958   0.3910133   0.0000 /?   0.0000
 2015-Mar-02 00:00 22 49 23.13 -07 29 29.6 -26.76 -10.59 341.76  -7.22 0.99092376587228   0.3969556   0.0000 /?   0.0000
 2015-Mar-03 00:00 22 53 07.63 -07 06 37.4 -26.76 -10.59 328.59  -7.23 0.99116445425231   0.4030031   0.0000 /?   0.0000
 2015-Mar-04 00:00 22 56 51.64 -06 43 39.2 -26.76 -10.59 315.41  -7.24 0.99140882406773   0.4090927   0.0000 /?   0.0000
 2015-Mar-05 00:00 23 00 35.18 -06 20 35.3 -26.76 -10.59 302.24  -7.25 0.99165688716688   0.4151593   0.0000 /?   0.0000
 2015-Mar-06 00:00 23 04 18.27 -05 57 26.2 -26.76 -10.59 289.06  -7.25 0.99190861718906   0.4211367   0.0000 /?   0.0000
 2015-Mar-07 00:00 23 08 00.94 -05 34 12.2 -26.76 -10.59 275.89  -7.25 0.99216394868570   0.4269571   0.0000 /?   0.0000
 2015-Mar-08 00:00 23 11 43.20 -05 10 53.7 -26.76 -10.59 262.71  -7.25 0.99242277652986   0.4325520   0.0000 /?   0.0000
 2015-Mar-09 00:00 23 15 25.07 -04 47 31.0 -26.76 -10.59 249.54  -7.25 0.99268495571563   0.4378530   0.0000 /?   0.0000
 2015-Mar-10 00:00 23 19 06.59 -04 24 04.5 -26.76 -10.59 236.36  -7.24 0.99295030146927   0.4427920   0.0000 /?   0.0000
 2015-Mar-11 00:00 23 22 47.77 -04 00 34.7 -26.76 -10.59 223.18  -7.23 0.99321858948098   0.4473014   0.0000 /?   0.0000
 2015-Mar-12 00:00 23 26 28.63 -03 37 01.7 -26.76 -10.59 210.00  -7.22 0.99348955610880   0.4513136   0.0000 /?   0.0000
 2015-Mar-13 00:00 23 30 09.20 -03 13 26.2 -26.76 -10.59 196.83  -7.21 0.99376289867191   0.4547623   0.0000 /?   0.0000
 2015-Mar-14 00:00 23 33 49.50 -02 49 48.3 -26.76 -10.59 183.65  -7.19 0.99403827647365   0.4575840   0.0000 /?   0.0000
 2015-Mar-15 00:00 23 37 29.56 -02 26 08.5 -26.75 -10.59 170.47  -7.18 0.99431531394268   0.4597238   0.0000 /?   0.0000
 2015-Mar-16 00:00 23 41 09.38 -02 02 27.1 -26.75 -10.59 157.29  -7.16 0.99459360808825   0.4611446   0.0000 /?   0.0000
 2015-Mar-17 00:00 23 44 48.99 -01 38 44.6 -26.75 -10.59 144.11  -7.14 0.99487274290217   0.4618421   0.0000 /?   0.0000
 2015-Mar-18 00:00 23 48 28.40 -01 15 01.3 -26.75 -10.59 130.93  -7.11 0.99515231265893   0.4618599   0.0000 /?   0.0000
 2015-Mar-19 00:00 23 52 07.65 -00 51 17.6 -26.75 -10.59 117.74  -7.09 0.99543195348878   0.4613012   0.0000 /?   0.0000
 2015-Mar-20 00:00 23 55 46.73 -00 27 33.8 -26.75 -10.59 104.56  -7.06 0.99571137822490   0.4603277   0.0000 /?   0.0000
 2015-Mar-21 00:00 23 59 25.67 -00 03 50.5 -26.75 -10.59  91.38  -7.03 0.99599040534818   0.4591397   0.0000 /?   0.0000
 2015-Mar-22 00:00 00 03 04.48 +00 19 52.1 -26.75 -10.59  78.19  -7.00 0.99626897229010   0.4579434   0.0000 /?   0.0000
 2015-Mar-23 00:00 00 06 43.17 +00 43 33.6 -26.75 -10.59  65.01  -6.97 0.99654712829665   0.4569155   0.0000 /?   0.0000
 2015-Mar-24 00:00 00 10 21.77 +01 07 13.5 -26.75 -10.59  51.82  -6.93 0.99682501006945   0.4561807   0.0000 /?   0.0000
 2015-Mar-25 00:00 00 14 00.29 +01 30 51.5 -26.75 -10.59  38.64  -6.89 0.99710280924462   0.4558059   0.0000 /?   0.0000
 2015-Mar-26 00:00 00 17 38.74 +01 54 27.3 -26.75 -10.59  25.45  -6.85 0.99738074126477   0.4558098   0.0000 /?   0.0000
 2015-Mar-27 00:00 00 21 17.15 +02 18 00.4 -26.75 -10.59  12.26  -6.81 0.99765902155649   0.4561774   0.0000 /?   0.0000
 2015-Mar-28 00:00 00 24 55.54 +02 41 30.6 -26.75 -10.59 359.08  -6.76 0.99793785047562   0.4568746   0.0000 /?   0.0000
 2015-Mar-29 00:00 00 28 33.93 +03 04 57.4 -26.75 -10.59 345.89  -6.72 0.99821740552305   0.4578586   0.0000 /?   0.0000
 2015-Mar-30 00:00 00 32 12.33 +03 28 20.5 -26.75 -10.59 332.70  -6.67 0.99849783825271   0.4590841   0.0000 /?   0.0000
 2015-Mar-31 00:00 00 35 50.78 +03 51 39.7 -26.74 -10.59 319.51  -6.62 0.99877927344323   0.4605050   0.0000 /?   0.0000
 2015-Apr-01 00:00 00 39 29.29 +04 14 54.4 -26.74 -10.59 306.31  -6.57 0.99906180875494   0.4620743   0.0000 /?   0.0000
 2015-Apr-02 00:00 00 43 07.88 +04 38 04.5 -26.74 -10.59 293.12  -6.51 0.99934551380746   0.4637426   0.0000 /?   0.0000
 2015-Apr-03 00:00 00 46 46.57 +05 01 09.5 -26.74 -10.59 279.93  -6.46 0.99963042822131   0.4654562   0.0000 /?   0.0000
 2015-Apr-04 00:00 00 50 25.40 +05 24 09.2 -26.74 -10.59 266.73  -6.40 0.99991655863380   0.4671555   0.0000 /?   0.0000
 2015-Apr-05 00:00 00 54 04.37 +05 47 03.2 -26.74 -10.59 253.54  -6.34 1.00020387502636   0.4687742   0.0000 /?   0.0000
 2015-Apr-06 00:00 00 57 43.51 +06 09 51.1 -26.74 -10.59 240.34  -6.28 1.00049230687860   0.4702394   0.0000 /?   0.0000
 2015-Apr-07 00:00 01 01 22.84 +06 32 32.7 -26.74 -10.59 227.15  -6.22 1.00078173968933   0.4714731   0.0000 /?   0.0000
 2015-Apr-08 00:00 01 05 02.39 +06 55 07.6 -26.74 -10.59 213.95  -6.15 1.00107201229969   0.4723931   0.0000 /?   0.0000
 2015-Apr-09 00:00 01 08 42.18 +07 17 35.4 -26.74 -10.59 200.75  -6.08 1.00136291528509   0.4729157   0.0000 /?   0.0000
 2015-Apr-10 00:00 01 12 22.22 +07 39 55.9 -26.74 -10.59 187.55  -6.02 1.00165419056769   0.4729575   0.0000 /?   0.0000
 2015-Apr-11 00:00 01 16 02.53 +08 02 08.7 -26.74 -10.59 174.35  -5.95 1.00194553246047   0.4724385   0.0000 /?   0.0000
 2015-Apr-12 00:00 01 19 43.14 +08 24 13.5 -26.74 -10.59 161.15  -5.87 1.00223659067128   0.4712860   0.0000 /?   0.0000
 2015-Apr-13 00:00 01 23 24.06 +08 46 10.0 -26.74 -10.59 147.95  -5.80 1.00252697634047   0.4694413   0.0000 /?   0.0000
 2015-Apr-14 00:00 01 27 05.31 +09 07 57.7 -26.74 -10.59 134.75  -5.72 1.00281627275159   0.4668692   0.0000 /?   0.0000
 2015-Apr-15 00:00 01 30 46.91 +09 29 36.5 -26.74 -10.59 121.54  -5.65 1.00310405249605   0.4635708   0.0000 /?   0.0000
 2015-Apr-16 00:00 01 34 28.86 +09 51 05.8 -26.73 -10.59 108.34  -5.57 1.00338990196645   0.4595952   0.0000 /?   0.0000
 2015-Apr-17 00:00 01 38 11.18 +10 12 25.4 -26.73 -10.59  95.14  -5.49 1.00367345165949   0.4550468   0.0000 /?   0.0000
 2015-Apr-18 00:00 01 41 53.89 +10 33 34.9 -26.73 -10.59  81.93  -5.41 1.00395440732890   0.4500803   0.0000 /?   0.0000
 2015-Apr-19 00:00 01 45 36.98 +10 54 34.0 -26.73 -10.59  68.73  -5.32 1.00423257434082   0.4448822   0.0000 /?   0.0000
 2015-Apr-20 00:00 01 49 20.47 +11 15 22.3 -26.73 -10.59  55.52  -5.24 1.00450786800784   0.4396419   0.0000 /?   0.0000
 2015-Apr-21 00:00 01 53 04.37 +11 35 59.5 -26.73 -10.59  42.31  -5.15 1.00478030699779   0.4345240   0.0000 /?   0.0000
 2015-Apr-22 00:00 01 56 48.68 +11 56 25.1 -26.73 -10.59  29.10  -5.07 1.00504999293063   0.4296497   0.0000 /?   0.0000
 2015-Apr-23 00:00 02 00 33.42 +12 16 38.9 -26.73 -10.59  15.90  -4.98 1.00531708336684   0.4250920   0.0000 /?   0.0000
 2015-Apr-24 00:00 02 04 18.60 +12 36 40.6 -26.73 -10.59   2.69  -4.89 1.00558176562017   0.4208829   0.0000 /?   0.0000
 2015-Apr-25 00:00 02 08 04.22 +12 56 29.7 -26.73 -10.59 349.48  -4.79 1.00584423614809   0.4170246   0.0000 /?   0.0000
 2015-Apr-26 00:00 02 11 50.30 +13 16 06.0 -26.73 -10.59 336.26  -4.70 1.00610468695504   0.4135015   0.0000 /?   0.0000
 2015-Apr-27 00:00 02 15 36.85 +13 35 29.1 -26.73 -10.59 323.05  -4.61 1.00636329808680   0.4102893   0.0000 /?   0.0000
 2015-Apr-28 00:00 02 19 23.87 +13 54 38.7 -26.73 -10.59 309.84  -4.51 1.00662023425956   0.4073601   0.0000 /?   0.0000
 2015-Apr-29 00:00 02 23 11.39 +14 13 34.6 -26.73 -10.59 296.62  -4.41 1.00687564357481   0.4046847   0.0000 /?   0.0000
 2015-Apr-30 00:00 02 26 59.40 +14 32 16.3 -26.73 -10.59 283.41  -4.32 1.00712965662452   0.4022317   0.0000 /?   0.0000
 2015-May-01 00:00 02 30 47.93 +14 50 43.5 -26.73 -10.59 270.19  -4.22 1.00738238477332   0.3999657   0.0000 /?   0.0000
 2015-May-02 00:00 02 34 36.97 +15 08 56.1 -26.73 -10.59 256.98  -4.12 1.00763391689014   0.3978440   0.0000 /?   0.0000
 2015-May-03 00:00 02 38 26.55 +15 26 53.5 -26.73 -10.59 243.76  -4.01 1.00788431427626   0.3958135   0.0000 /?   0.0000
 2015-May-04 00:00 02 42 16.66 +15 44 35.6 -26.72 -10.59 230.54  -3.91 1.00813360401156   0.3938087   0.0000 /?   0.0000
 2015-May-05 00:00 02 46 07.33 +16 02 02.1 -26.72 -10.59 217.32  -3.81 1.00838177138934   0.3917507   0.0000 /?   0.0000
 2015-May-06 00:00 02 49 58.56 +16 19 12.6 -26.72 -10.59 204.10  -3.70 1.00862875245931   0.3895485   0.0000 /?   0.0000
 2015-May-07 00:00 02 53 50.35 +16 36 06.8 -26.72 -10.59 190.88  -3.60 1.00887442785383   0.3871020   0.0000 /?   0.0000
 2015-May-08 00:00 02 57 42.72 +16 52 44.5 -26.72 -10.59 177.66  -3.49 1.00911861897872   0.3843071   0.0000 /?   0.0000
 2015-May-09 00:00 03 01 35.67 +17 09 05.3 -26.72 -10.59 164.44  -3.38 1.00936108735965   0.3810618   0.0000 /?   0.0000
 2015-May-10 00:00 03 05 29.20 +17 25 09.0 -26.72 -10.59 151.22  -3.27 1.00960153760599   0.3772722   0.0000 /?   0.0000
 2015-May-11 00:00 03 09 23.33 +17 40 55.3 -26.72 -10.59 138.00  -3.17 1.00983962426261   0.3728599   0.0000 /?   0.0000
 2015-May-12 00:00 03 13 18.05 +17 56 23.9 -26.72 -10.59 124.77  -3.06 1.01007496284008   0.3677693   0.0000 /?   0.0000
 2015-May-13 00:00 03 17 13.37 +18 11 34.4 -26.72 -10.59 111.55  -2.94 1.01030714540491   0.3619761   0.0000 /?   0.0000
 2015-May-14 00:00 03 21 09.28 +18 26 26.7 -26.72 -10.59  98.33  -2.83 1.01053576093449   0.3554950   0.0000 /?   0.0000
 2015-May-15 00:00 03 25 05.78 +18 41 00.3 -26.72 -10.59  85.10  -2.72 1.01076041981179   0.3483855   0.0000 /?   0.0000
 2015-May-16 00:00 03 29 02.86 +18 55 15.1 -26.72 -10.59  71.88  -2.61 1.01098078024962   0.3407528   0.0000 /?   0.0000
 2015-May-17 00:00 03 33 00.52 +19 09 10.7 -26.72 -10.59  58.65  -2.49 1.01119657260845   0.3327390   0.0000 /?   0.0000
 2015-May-18 00:00 03 36 58.75 +19 22 46.9 -26.72 -10.59  45.42  -2.38 1.01140761663231   0.3245075   0.0000 /?   0.0000
 2015-May-19 00:00 03 40 57.53 +19 36 03.3 -26.72 -10.59  32.20  -2.26 1.01161382764167   0.3162218   0.0000 /?   0.0000
 2015-May-20 00:00 03 44 56.87 +19 48 59.7 -26.72 -10.59  18.97  -2.15 1.01181521069143   0.3080256   0.0000 /?   0.0000
 2015-May-21 00:00 03 48 56.74 +20 01 35.9 -26.72 -10.59   5.74  -2.03 1.01201184522678   0.3000308   0.0000 /?   0.0000
 2015-May-22 00:00 03 52 57.13 +20 13 51.5 -26.72 -10.59 352.51  -1.91 1.01220386502553   0.2923131   0.0000 /?   0.0000
 2015-May-23 00:00 03 56 58.05 +20 25 46.3 -26.72 -10.59 339.28  -1.80 1.01239143832489   0.2849165   0.0000 /?   0.0000
 2015-May-24 00:00 04 00 59.47 +20 37 20.1 -26.71 -10.59 326.05  -1.68 1.01257475148944   0.2778607   0.0000 /?   0.0000
 2015-May-25 00:00 04 05 01.38 +20 48 32.6 -26.71 -10.59 312.82  -1.56 1.01275399754190   0.2711496   0.0000 /?   0.0000
 2015-May-26 00:00 04 09 03.78 +20 59 23.5 -26.71 -10.59 299.59  -1.44 1.01292936925568   0.2647788   0.0000 /?   0.0000
 2015-May-27 00:00 04 13 06.65 +21 09 52.8 -26.71 -10.59 286.36  -1.32 1.01310105559808   0.2587395   0.0000 /?   0.0000
 2015-May-28 00:00 04 17 09.98 +21 20 00.0 -26.71 -10.59 273.13  -1.20 1.01326923999447   0.2530208   0.0000 /?   0.0000
 2015-May-29 00:00 04 21 13.77 +21 29 45.1 -26.71 -10.59 259.90  -1.08 1.01343409890555   0.2476084   0.0000 /?   0.0000
 2015-May-30 00:00 04 25 17.99 +21 39 07.9 -26.71 -10.59 246.67  -0.96 1.01359579938867   0.2424828   0.0000 /?   0.0000
 2015-May-31 00:00 04 29 22.64 +21 48 08.0 -26.71 -10.59 233.43  -0.84 1.01375449458559   0.2376140   0.0000 /?   0.0000
 2015-Jun-01 00:00 04 33 27.70 +21 56 45.4 -26.71 -10.59 220.20  -0.72 1.01391031647819   0.2329572   0.0000 /?   0.0000
 2015-Jun-02 00:00 04 37 33.16 +22 04 59.9 -26.71 -10.59 206.97  -0.60 1.01406336584617   0.2284480   0.0000 /?   0.0000
 2015-Jun-03 00:00 04 41 39.02 +22 12 51.3 -26.71 -10.59 193.73  -0.48 1.01421370016204   0.2240000   0.0000 /?   0.0000
 2015-Jun-04 00:00 04 45 45.25 +22 20 19.4 -26.71 -10.59 180.50  -0.36 1.01436132104442   0.2195060   0.0000 /?   0.0000
 2015-Jun-05 00:00 04 49 51.85 +22 27 24.0 -26.71 -10.59 167.26  -0.24 1.01450616357290   0.2148435   0.0000 /?   0.0000
 2015-Jun-06 00:00 04 53 58.80 +22 34 05.1 -26.71 -10.59 154.03  -0.12 1.01464808990036   0.2098836   0.0000 /?   0.0000
 2015-Jun-07 00:00 04 58 06.08 +22 40 22.5 -26.71 -10.59 140.79   0.00 1.01478688900160   0.2045032   0.0000 /?   0.0000
 2015-Jun-08 00:00 05 02 13.69 +22 46 16.0 -26.71 -10.59 127.56   0.12 1.01492228324352   0.1985959   0.0000 /?   0.0000
 2015-Jun-09 00:00 05 06 21.60 +22 51 45.5 -26.71 -10.59 114.32   0.24 1.01505394122553   0.1920825   0.0000 /?   0.0000
 2015-Jun-10 00:00 05 10 29.79 +22 56 50.9 -26.71 -10.59 101.09   0.36 1.01518149549676   0.1849176   0.0000 /?   0.0000
 2015-Jun-11 00:00 05 14 38.25 +23 01 32.2 -26.71 -10.59  87.85   0.48 1.01530456347127   0.1770937   0.0000 /?   0.0000
 2015-Jun-12 00:00 05 18 46.95 +23 05 49.1 -26.71 -10.59  74.61   0.60 1.01542276991214   0.1686429   0.0000 /?   0.0000
 2015-Jun-13 00:00 05 22 55.86 +23 09 41.6 -26.71 -10.59  61.38   0.73 1.01553576936204   0.1596347   0.0000 /?   0.0000
 2015-Jun-14 00:00 05 27 04.97 +23 13 09.7 -26.71 -10.59  48.14   0.84 1.01564326666483   0.1501715   0.0000 /?   0.0000
 2015-Jun-15 00:00 05 31 14.24 +23 16 13.2 -26.71 -10.59  34.91   0.96 1.01574503341155   0.1403793   0.0000 /?   0.0000
 2015-Jun-16 00:00 05 35 23.66 +23 18 52.1 -26.71 -10.59  21.67   1.08 1.01584091819453   0.1303954   0.0000 /?   0.0000
 2015-Jun-17 00:00 05 39 33.18 +23 21 06.3 -26.71 -10.59   8.43   1.20 1.01593084932840   0.1203551   0.0000 /?   0.0000
 2015-Jun-18 00:00 05 43 42.78 +23 22 55.8 -26.71 -10.59 355.20   1.32 1.01601483014131   0.1103801   0.0000 /?   0.0000
 2015-Jun-19 00:00 05 47 52.44 +23 24 20.6 -26.71 -10.59 341.96   1.44 1.01609292851204   0.1005703   0.0000 /?   0.0000
 2015-Jun-20 00:00 05 52 02.13 +23 25 20.5 -26.71 -10.59 328.72   1.56 1.01616526335267   0.0910014   0.0000 /?   0.0000
 2015-Jun-21 00:00 05 56 11.82 +23 25 55.7 -26.71 -10.59 315.49   1.68 1.01623199084717   0.0817262   0.0000 /?   0.0000
 2015-Jun-22 00:00 06 00 21.48 +23 26 06.1 -26.71 -10.59 302.25   1.79 1.01629329258248   0.0727796   0.0000 /?   0.0000
 2015-Jun-23 00:00 06 04 31.09 +23 25 51.7 -26.71 -10.59 289.01   1.91 1.01634936667561   0.0641840   0.0000 /?   0.0000
 2015-Jun-24 00:00 06 08 40.62 +23 25 12.5 -26.71 -10.59 275.78   2.03 1.01640042201977   0.0559541   0.0000 /?   0.0000
 2015-Jun-25 00:00 06 12 50.06 +23 24 08.6 -26.71 -10.59 262.54   2.14 1.01644667505439   0.0481007   0.0000 /?   0.0000
 2015-Jun-26 00:00 06 16 59.37 +23 22 39.9 -26.71 -10.59 249.30   2.26 1.01648834802057   0.0406323   0.0000 /?   0.0000
 2015-Jun-27 00:00 06 21 08.54 +23 20 46.6 -26.71 -10.59 236.07   2.37 1.01652566741008   0.0335539   0.0000 /?   0.0000
 2015-Jun-28 00:00 06 25 17.54 +23 18 28.6 -26.71 -10.59 222.83   2.48 1.01655886117953   0.0268638   0.0000 /?   0.0000
 2015-Jun-29 00:00 06 29 26.34 +23 15 46.1 -26.71 -10.59 209.59   2.60 1.01658815329081   0.0205480   0.0000 /?   0.0000
 2015-Jun-30 00:00 06 33 34.94 +23 12 39.1 -26.71 -10.59 196.36   2.71 1.01661375436704   0.0145722   0.0000 /?   0.0000
 2015-Jul-01 00:00 06 37 43.32 +23 09 07.7 -26.71 -10.59 183.12   2.82 1.01663584797732   0.0088535   0.0000 /?   0.0000
 2015-Jul-02 00:00 06 41 51.44 +23 05 12.0 -26.71 -10.59 169.88   2.93 1.01665457285728   0.0033406   0.0000 /?   0.0000
 2015-Jul-03 00:00 06 45 59.30 +23 00 52.1 -26.71 -10.59 156.65   3.04 1.01667000453999  -0.0021134   0.0000 /?   0.0000
 2015-Jul-04 00:00 06 50 06.89 +22 56 08.0 -26.71 -10.59 143.41   3.15 1.01668213880837  -0.0076574   0.0000 /?   0.0000
 2015-Jul-05 00:00 06 54 14.17 +22 50 59.9 -26.71 -10.59 130.17   3.26 1.01669088269983  -0.0134474   0.0000 /?   0.0000
 2015-Jul-06 00:00 06 58 21.15 +22 45 28.0 -26.71 -10.59 116.94   3.36 1.01669605573914  -0.0196277   0.0000 /?   0.0000
 2015-Jul-07 00:00 07 02 27.80 +22 39 32.3 -26.71 -10.59 103.70   3.47 1.01669740199813  -0.0263136   0.0000 /?   0.0000
 2015-Jul-08 00:00 07 06 34.11 +22 33 13.0 -26.71 -10.59  90.47   3.58 1.01669461057267  -0.0335795   0.0000 /?   0.0000
 2015-Jul-09 00:00 07 10 40.06 +22 26 30.3 -26.71 -10.59  77.23   3.68 1.01668734037234  -0.0414560   0.0000 /?   0.0000
 2015-Jul-10 00:00 07 14 45.63 +22 19 24.2 -26.71 -10.59  64.00   3.78 1.01667524516063  -0.0499319   0.0000 /?   0.0000
 2015-Jul-11 00:00 07 18 50.81 +22 11 55.1 -26.71 -10.59  50.76   3.89 1.01665799601152  -0.0589603   0.0000 /?   0.0000
 2015-Jul-12 00:00 07 22 55.57 +22 04 03.0 -26.71 -10.59  37.53   3.99 1.01663529977940  -0.0684663   0.0000 /?   0.0000
 2015-Jul-13 00:00 07 26 59.90 +21 55 48.1 -26.71 -10.59  24.30   4.09 1.01660691314005  -0.0783543   0.0000 /?   0.0000
 2015-Jul-14 00:00 07 31 03.77 +21 47 10.7 -26.71 -10.59  11.06   4.19 1.01657265213983  -0.0885163   0.0000 /?   0.0000
 2015-Jul-15 00:00 07 35 07.18 +21 38 11.0 -26.71 -10.59 357.83   4.28 1.01653239725980  -0.0988393   0.0000 /?   0.0000
 2015-Jul-16 00:00 07 39 10.09 +21 28 49.1 -26.71 -10.59 344.60   4.38 1.01648609410216  -0.1092127   0.0000 /?   0.0000
 2015-Jul-17 00:00 07 43 12.50 +21 19 05.3 -26.71 -10.59 331.37   4.48 1.01643375011001  -0.1195346   0.0000 /?   0.0000
 2015-Jul-18 00:00 07 47 14.39 +21 08 59.7 -26.71 -10.59 318.13   4.57 1.01637542818197  -0.1297160   0.0000 /?   0.0000
 2015-Jul-19 00:00 07 51 15.74 +20 58 32.8 -26.71 -10.59 304.90   4.66 1.01631123843907  -0.1396832   0.0000 /?   0.0000
 2015-Jul-20 00:00 07 55 16.54 +20 47 44.6 -26.71 -10.59 291.67   4.76 1.01624132955058  -0.1493769   0.0000 /?   0.0000
 2015-Jul-21 00:00 07 59 16.77 +20 36 35.4 -26.71 -10.59 278.44   4.85 1.01616588086593  -0.1587502   0.0000 /?   0.0000
 2015-Jul-22 00:00 08 03 16.43 +20 25 05.5 -26.71 -10.59 265.21   4.94 1.01608509619790  -0.1677652   0.0000 /?   0.0000
 2015-Jul-23 00:00 08 07 15.50 +20 13 15.0 -26.71 -10.59 251.98   5.02 1.01599919959092  -0.1763896   0.0000 /?   0.0000
 2015-Jul-24 00:00 08 11 13.98 +20 01 04.4 -26.71 -10.59 238.75   5.11 1.01590843289438  -0.1845941   0.0000 /?   0.0000
 2015-Jul-25 00:00 08 15 11.86 +19 48 33.7 -26.71 -10.59 225.52   5.19 1.01581305448775  -0.1923512   0.0000 /?   0.0000
 2015-Jul-26 00:00 08 19 09.14 +19 35 43.3 -26.71 -10.59 212.29   5.28 1.01571333806112  -0.1996361   0.0000 /?   0.0000
 2015-Jul-27 00:00 08 23 05.80 +19 22 33.5 -26.71 -10.59 199.06   5.36 1.01560956993439  -0.2064309   0.0000 /?   0.0000
 2015-Jul-28 00:00 08 27 01.84 +19 09 04.4 -26.71 -10.59 185.84   5.44 1.01550204306892  -0.2127323   0.0000 /?   0.0000
 2015-Jul-29 00:00 08 30 57.27 +18 55 16.5 -26.71 -10.59 172.61   5.52 1.01539104590510  -0.2185614   0.0000 /?   0.0000
 2015-Jul-30 00:00 08 34 52.09 +18 41 09.8 -26.71 -10.59 159.38   5.60 1.01527684483840  -0.2239752   0.0000 /?   0.0000
 2015-Jul-31 00:00 08 38 46.29 +18 26 44.8 -26.71 -10.59 146.15   5.67 1.01515966090899  -0.2290744   0.0000 /?   0.0000
 2015-Aug-01 00:00 08 42 39.88 +18 12 01.6 -26.71 -10.59 132.93   5.75 1.01503964405927  -0.2340034   0.0000 /?   0.0000
 2015-Aug-02 00:00 08 46 32.87 +17 57 00.5 -26.71 -10.59 119.70   5.82 1.01491685108011  -0.2389372   0.0000 /?   0.0000
 2015-Aug-03 00:00 08 50 25.26 +17 41 41.9 -26.71 -10.59 106.47   5.89 1.01479123423893  -0.2440579   0.0000 /?   0.0000
 2015-Aug-04 00:00 08 54 17.05 +17 26 05.9 -26.71 -10.59  93.25   5.96 1.01466264514622  -0.2495274   0.0000 /?   0.0000
 2015-Aug-05 00:00 08 58 08.26 +17 10 12.9 -26.71 -10.59  80.02   6.03 1.01453085338698  -0.2554648   0.0000 /?   0.0000
 2015-Aug-06 00:00 09 01 58.88 +16 54 03.1 -26.71 -10.59  66.80   6.10 1.01439557463722  -0.2619368   0.0000 /?   0.0000
 2015-Aug-07 00:00 09 05 48.93 +16 37 37.0 -26.71 -10.59  53.58   6.16 1.01425650106937  -0.2689590   0.0000 /?   0.0000
 2015-Aug-08 00:00 09 09 38.41 +16 20 54.6 -26.71 -10.59  40.35   6.23 1.01411332821756  -0.2765060   0.0000 /?   0.0000
 2015-Aug-09 00:00 09 13 27.31 +16 03 56.4 -26.71 -10.59  27.13   6.29 1.01396577545378  -0.2845224   0.0000 /?   0.0000
 2015-Aug-10 00:00 09 17 15.65 +15 46 42.7 -26.71 -10.59  13.91   6.35 1.01381359988667  -0.2929343   0.0000 /?   0.0000
 2015-Aug-11 00:00 09 21 03.42 +15 29 13.8 -26.71 -10.59   0.69   6.41 1.01365660491075  -0.3016564   0.0000 /?   0.0000
 2015-Aug-12 00:00 09 24 50.64 +15 11 30.0 -26.71 -10.59 347.47   6.46 1.01349464489922  -0.3105979   0.0000 /?   0.0000
 2015-Aug-13 00:00 09 28 37.30 +14 53 31.6 -26.71 -10.59 334.25   6.52 1.01332762718088  -0.3196667   0.0000 /?   0.0000
 2015-Aug-14 00:00 09 32 23.41 +14 35 18.9 -26.71 -10.59 321.03   6.57 1.01315551196746  -0.3287721   0.0000 /?   0.0000
 2015-Aug-15 00:00 09 36 08.97 +14 16 52.3 -26.71 -10.59 307.81   6.62 1.01297831058512  -0.3378279   0.0000 /?   0.0000
 2015-Aug-16 00:00 09 39 53.99 +13 58 12.1 -26.71 -10.59 294.59   6.67 1.01279608229391  -0.3467545   0.0000 /?   0.0000
 2015-Aug-17 00:00 09 43 38.48 +13 39 18.6 -26.71 -10.59 281.38   6.72 1.01260893008509  -0.3554800   0.0000 /?   0.0000
 2015-Aug-18 00:00 09 47 22.45 +13 20 12.1 -26.72 -10.59 268.16   6.76 1.01241699600282  -0.3639405   0.0000 /?   0.0000
 2015-Aug-19 00:00 09 51 05.89 +13 00 53.0 -26.72 -10.59 254.94   6.80 1.01222045662468  -0.3720797   0.0000 /?   0.0000
 2015-Aug-20 00:00 09 54 48.83 +12 41 21.6 -26.72 -10.59 241.73   6.85 1.01201951928706  -0.3798468   0.0000 /?   0.0000
 2015-Aug-21 00:00 09 58 31.26 +12 21 38.2 -26.72 -10.59 228.51   6.88 1.01181441944478  -0.3871944   0.0000 /?   0.0000
 2015-Aug-22 00:00 10 02 13.21 +12 01 43.2 -26.72 -10.59 215.30   6.92 1.01160541922552  -0.3940767   0.0000 /?   0.0000
 2015-Aug-23 00:00 10 05 54.67 +11 41 36.8 -26.72 -10.59 202.08   6.96 1.01139280679979  -0.4004487   0.0000 /?   0.0000
 2015-Aug-24 00:00 10 09 35.67 +11 21 19.4 -26.72 -10.59 188.87   6.99 1.01117689563630  -0.4062678   0.0000 /?   0.0000
 2015-Aug-25 00:00 10 13 16.22 +11 00 51.2 -26.72 -10.59 175.65   7.02 1.01095802207103  -0.4114978   0.0000 /?   0.0000
 2015-Aug-26 00:00 10 16 56.34 +10 40 12.7 -26.72 -10.59 162.44   7.05 1.01073653899573  -0.4161187   0.0000 /?   0.0000
 2015-Aug-27 00:00 10 20 36.03 +10 19 24.1 -26.72 -10.59 149.23   7.08 1.01051280319481  -0.4201387   0.0000 /?   0.0000
 2015-Aug-28 00:00 10 24 15.32 +09 58 25.7 -26.72 -10.59 136.01   7.11 1.01028715453059  -0.4236096   0.0000 /?   0.0000
 2015-Aug-29 00:00 10 27 54.23 +09 37 17.9 -26.72 -10.59 122.80   7.13 1.01005988745476  -0.4266371   0.0000 /?   0.0000
 2015-Aug-30 00:00 10 31 32.77 +09 16 00.9 -26.72 -10.59 109.59   7.15 1.00983121920693  -0.4293804   0.0000 /?   0.0000
 2015-Aug-31 00:00 10 35 10.97 +08 54 35.0 -26.72 -10.59  96.38   7.17 1.00960126297240  -0.4320353   0.0000 /?   0.0000
 2015-Sep-01 00:00 10 38 48.84 +08 33 00.6 -26.72 -10.59  83.17   7.19 1.00937001524841  -0.4348032   0.0000 /?   0.0000
 2015-Sep-02 00:00 10 42 26.42 +08 11 17.8 -26.72 -10.59  69.96   7.20 1.00913736267287  -0.4378569   0.0000 /?   0.0000
 2015-Sep-03 00:00 10 46 03.72 +07 49 27.2 -26.72 -10.59  56.75   7.22 1.00890310622133  -0.4413165   0.0000 /?   0.0000
 2015-Sep-04 00:00 10 49 40.77 +07 27 28.8 -26.72 -10.59  43.54   7.23 1.00866699460749  -0.4452418   0.0000 /?   0.0000
 2015-Sep-05 00:00 10 53 17.57 +07 05 23.1 -26.72 -10.59  30.33   7.24 1.00842875743595  -0.4496402   0.0000 /?   0.0000
 2015-Sep-06 00:00 10 56 54.15 +06 43 10.5 -26.72 -10.59  17.13   7.24 1.00818813169269  -0.4544806   0.0000 /?   0.0000
 2015-Sep-07 00:00 11 00 30.52 +06 20 51.1 -26.72 -10.59   3.92   7.25 1.00794487951152  -0.4597081   0.0000 /?   0.0000
 2015-Sep-08 00:00 11 04 06.71 +05 58 25.4 -26.73 -10.59 350.71   7.25 1.00769879831670  -0.4652559   0.0000 /?   0.0000
 2015-Sep-09 00:00 11 07 42.72 +05 35 53.6 -26.73 -10.59 337.51   7.25 1.00744972571466  -0.4710517   0.0000 /?   0.0000
 2015-Sep-10 00:00 11 11 18.58 +05 13 16.2 -26.73 -10.59 324.30   7.25 1.00719754141406  -0.4770214   0.0000 /?   0.0000
 2015-Sep-11 00:00 11 14 54.30 +04 50 33.5 -26.73 -10.59 311.10   7.25 1.00694216775976  -0.4830906   0.0000 /?   0.0000
 2015-Sep-12 00:00 11 18 29.89 +04 27 45.7 -26.73 -10.59 297.90   7.24 1.00668356971247  -0.4891854   0.0000 /?   0.0000
 2015-Sep-13 00:00 11 22 05.38 +04 04 53.3 -26.73 -10.59 284.69   7.24 1.00642175454464  -0.4952324   0.0000 /?   0.0000
 2015-Sep-14 00:00 11 25 40.78 +03 41 56.6 -26.73 -10.59 271.49   7.23 1.00615677122388  -0.5011598   0.0000 /?   0.0000
 2015-Sep-15 00:00 11 29 16.10 +03 18 55.9 -26.73 -10.59 258.29   7.22 1.00588870939396  -0.5068977   0.0000 /?   0.0000
 2015-Sep-16 00:00 11 32 51.37 +02 55 51.5 -26.73 -10.59 245.08   7.20 1.00561769796428  -0.5123790   0.0000 /?   0.0000
 2015-Sep-17 00:00 11 36 26.59 +02 32 43.9 -26.73 -10.59 231.88   7.19 1.00534390348284  -0.5175397   0.0000 /?   0.0000
 2015-Sep-18 00:00 11 40 01.80 +02 09 33.4 -26.73 -10.59 218.68   7.17 1.00506752859569  -0.5223177   0.0000 /?   0.0000
 2015-Sep-19 00:00 11 43 36.99 +01 46 20.2 -26.73 -10.59 205.48   7.15 1.00478881090671  -0.5266528   0.0000 /?   0.0000
 2015-Sep-20 00:00 11 47 12.20 +01 23 04.8 -26.73 -10.59 192.28   7.13 1.00450802239193  -0.5304851   0.0000 /?   0.0000
 2015-Sep-21 00:00 11 50 47.44 +00 59 47.5 -26.73 -10.59 179.08   7.10 1.00422546916014  -0.5337554   0.0000 /?   0.0000
 2015-Sep-22 00:00 11 54 22.72 +00 36 28.6 -26.73 -10.59 165.88   7.07 1.00394149077526  -0.5364066   0.0000 /?   0.0000
 2015-Sep-23 00:00 11 57 58.08 +00 13 08.5 -26.73 -10.59 152.68   7.05 1.00365645759423  -0.5383893   0.0000 /?   0.0000
 2015-Sep-24 00:00 12 01 33.53 -00 10 12.5 -26.73 -10.59 139.48   7.02 1.00337076378001  -0.5396715   0.0000 /?   0.0000
 2015-Sep-25 00:00 12 05 09.09 -00 33 34.0 -26.74 -10.59 126.28   6.98 1.00308481323874  -0.5402530   0.0000 /?   0.0000
 2015-Sep-26 00:00 12 08 44.78 -00 56 55.8 -26.74 -10.59 113.08   6.95 1.00279899645221  -0.5401818   0.0000 /?   0.0000
 2015-Sep-27 00:00 12 12 20.64 -01 20 17.5 -26.74 -10.59  99.89   6.91 1.00251365883256  -0.5395659   0.0000 /?   0.0000
 2015-Sep-28 00:00 12 15 56.68 -01 43 38.7 -26.74 -10.59  86.69   6.87 1.00222906574484  -0.5385716   0.0000 /?   0.0000
 2015-Sep-29 00:00 12 19 32.93 -02 06 59.2 -26.74 -10.59  73.49   6.83 1.00194537368683  -0.5374034   0.0000 /?   0.0000
 2015-Sep-30 00:00 12 23 09.41 -02 30 18.7 -26.74 -10.59  60.30   6.79 1.00166261772029  -0.5362695   0.0000 /?   0.0000
 2015-Oct-01 00:00 12 26 46.16 -02 53 36.7 -26.74 -10.59  47.10   6.74 1.00138072008814  -0.5353459   0.0000 /?   0.0000
 2015-Oct-02 00:00 12 30 23.19 -03 16 53.0 -26.74 -10.59  33.90   6.70 1.00109951655473  -0.5347526   0.0000 /?   0.0000
 2015-Oct-03 00:00 12 34 00.54 -03 40 07.3 -26.74 -10.59  20.71   6.65 1.00081879090566  -0.5345490   0.0000 /?   0.0000
 2015-Oct-04 00:00 12 37 38.21 -04 03 19.1 -26.74 -10.59   7.51   6.60 1.00053830761422  -0.5347438   0.0000 /?   0.0000
 2015-Oct-05 00:00 12 41 16.24 -04 26 28.2 -26.74 -10.59 354.32   6.55 1.00025783660734  -0.5353112   0.0000 /?   0.0000
 2015-Oct-06 00:00 12 44 54.63 -04 49 34.1 -26.74 -10.59 341.12   6.49 0.99997716877204  -0.5362057   0.0000 /?   0.0000
 2015-Oct-07 00:00 12 48 33.42 -05 12 36.6 -26.74 -10.59 327.93   6.43 0.99969612390201  -0.5373731   0.0000 /?   0.0000
 2015-Oct-08 00:00 12 52 12.62 -05 35 35.1 -26.74 -10.59 314.74   6.37 0.99941455382262  -0.5387565   0.0000 /?   0.0000
 2015-Oct-09 00:00 12 55 52.24 -05 58 29.5 -26.74 -10.59 301.54   6.31 0.99913234317461  -0.5402985   0.0000 /?   0.0000
 2015-Oct-10 00:00 12 59 32.31 -06 21 19.2 -26.74 -10.59 288.35   6.25 0.99884940957794  -0.5419414   0.0000 /?   0.0000
 2015-Oct-11 00:00 13 03 12.84 -06 44 04.0 -26.75 -10.59 275.16   6.19 0.99856570411183  -0.5436260   0.0000 /?   0.0000
 2015-Oct-12 00:00 13 06 53.84 -07 06 43.3 -26.75 -10.59 261.97   6.12 0.99828121242349  -0.5452910   0.0000 /?   0.0000
 2015-Oct-13 00:00 13 10 35.34 -07 29 17.0 -26.75 -10.59 248.77   6.05 0.99799595635949  -0.5468716   0.0000 /?   0.0000
 2015-Oct-14 00:00 13 14 17.34 -07 51 44.4 -26.75 -10.59 235.58   5.98 0.99770999579682  -0.5483003   0.0000 /?   0.0000
 2015-Oct-15 00:00 13 17 59.87 -08 14 05.4 -26.75 -10.59 222.39   5.91 0.99742343031526  -0.5495067   0.0000 /?   0.0000
 2015-Oct-16 00:00 13 21 42.94 -08 36 19.4 -26.75 -10.59 209.20   5.84 0.99713640045717  -0.5504188   0.0000 /?   0.0000
 2015-Oct-17 00:00 13 25 26.56 -08 58 26.0 -26.75 -10.59 196.01   5.76 0.99684908849460  -0.5509637   0.0000 /?   0.0000
 2015-Oct-18 00:00 13 29 10.75 -09 20 25.0 -26.75 -10.59 182.82   5.68 0.99656171876784  -0.5510682   0.0000 /?   0.0000
 2015-Oct-19 00:00 13 32 55.53 -09 42 15.8 -26.75 -10.59 169.63   5.61 0.99627455766798  -0.5506594   0.0000 /?   0.0000
 2015-Oct-20 00:00 13 36 40.89 -10 03 58.1 -26.75 -10.59 156.44   5.52 0.99598791311806  -0.5496663   0.0000 /?   0.0000
 2015-Oct-21 00:00 13 40 26.88 -10 25 31.6 -26.75 -10.59 143.25   5.44 0.99570213291865  -0.5480221   0.0000 /?   0.0000
 2015-Oct-22 00:00 13 44 13.48 -10 46 55.7 -26.75 -10.59 130.06   5.36 0.99541760060473  -0.5456705   0.0000 /?   0.0000
 2015-Oct-23 00:00 13 48 00.73 -11 08 10.1 -26.75 -10.59 116.87   5.27 0.99513472671154  -0.5425759   0.0000 /?   0.0000
 2015-Oct-24 00:00 13 51 48.64 -11 29 14.5 -26.75 -10.59 103.68   5.19 0.99485393303387  -0.5387371   0.0000 /?   0.0000
 2015-Oct-25 00:00 13 55 37.23 -11 50 08.3 -26.75 -10.59  90.50   5.10 0.99457562832322  -0.5342021   0.0000 /?   0.0000
 2015-Oct-26 00:00 13 59 26.51 -12 10 51.3 -26.75 -10.59  77.31   5.01 0.99430017655575  -0.5290780   0.0000 /?   0.0000
 2015-Oct-27 00:00 14 03 16.50 -12 31 23.1 -26.76 -10.59  64.12   4.91 0.99402786310629  -0.5235275   0.0000 /?   0.0000
 2015-Oct-28 00:00 14 07 07.22 -12 51 43.3 -26.76 -10.59  50.93   4.82 0.99375886778218  -0.5177483   0.0000 /?   0.0000
 2015-Oct-29 00:00 14 10 58.70 -13 11 51.5 -26.76 -10.59  37.74   4.73 0.99349325357944  -0.5119407   0.0000 /?   0.0000
 2015-Oct-30 00:00 14 14 50.93 -13 31 47.3 -26.76 -10.59  24.56   4.63 0.99323097491286  -0.5062753   0.0000 /?   0.0000
 2015-Oct-31 00:00 14 18 43.95 -13 51 30.3 -26.76 -10.59  11.37   4.53 0.99297190161762  -0.5008719   0.0000 /?   0.0000
 2015-Nov-01 00:00 14 22 37.77 -14 11 00.2 -26.76 -10.59 358.18   4.43 0.99271584999392  -0.4957963   0.0000 /?   0.0000
 2015-Nov-02 00:00 14 26 32.39 -14 30 16.5 -26.76 -10.59 345.00   4.33 0.99246261209545  -0.4910686   0.0000 /?   0.0000
 2015-Nov-03 00:00 14 30 27.83 -14 49 18.9 -26.76 -10.59 331.81   4.23 0.99221197797085  -0.4866779   0.0000 /?   0.0000
 2015-Nov-04 00:00 14 34 24.10 -15 08 06.9 -26.76 -10.59 318.62   4.12 0.99196374964113  -0.4825957   0.0000 /?   0.0000
 2015-Nov-05 00:00 14 38 21.21 -15 26 40.2 -26.76 -10.59 305.44   4.02 0.99171774826436  -0.4787855   0.0000 /?   0.0000
 2015-Nov-06 00:00 14 42 19.15 -15 44 58.3 -26.76 -10.59 292.25   3.91 0.99147381691770  -0.4752084   0.0000 /?   0.0000
 2015-Nov-07 00:00 14 46 17.94 -16 03 00.8 -26.76 -10.59 279.07   3.81 0.99123182130920  -0.4718251   0.0000 /?   0.0000
 2015-Nov-08 00:00 14 50 17.59 -16 20 47.3 -26.76 -10.59 265.88   3.70 0.99099165016211  -0.4685952   0.0000 /?   0.0000
 2015-Nov-09 00:00 14 54 18.08 -16 38 17.5 -26.76 -10.59 252.70   3.59 0.99075321637125  -0.4654752   0.0000 /?   0.0000
 2015-Nov-10 00:00 14 58 19.42 -16 55 30.8 -26.76 -10.59 239.52   3.48 0.99051645945560  -0.4624164   0.0000 /?   0.0000
 2015-Nov-11 00:00 15 02 21.62 -17 12 26.8 -26.76 -10.59 226.33   3.36 0.99028134934846  -0.4593623   0.0000 /?   0.0000
 2015-Nov-12 00:00 15 06 24.67 -17 29 05.3 -26.76 -10.59 213.15   3.25 0.99004789117559  -0.4562476   0.0000 /?   0.0000
 2015-Nov-13 00:00 15 10 28.57 -17 45 25.7 -26.76 -10.59 199.96   3.14 0.98981613039708  -0.4529986   0.0000 /?   0.0000
 2015-Nov-14 00:00 15 14 33.31 -18 01 27.6 -26.76 -10.59 186.78   3.02 0.98958615756993  -0.4495338   0.0000 /?   0.0000
 2015-Nov-15 00:00 15 18 38.89 -18 17 10.7 -26.77 -10.59 173.60   2.91 0.98935811204503  -0.4457666   0.0000 /?   0.0000
 2015-Nov-16 00:00 15 22 45.31 -18 32 34.5 -26.77 -10.59 160.42   2.79 0.98913218410231  -0.4416083   0.0000 /?   0.0000
 2015-Nov-17 00:00 15 26 52.56 -18 47 38.7 -26.77 -10.59 147.23   2.67 0.98890861523593  -0.4369716   0.0000 /?   0.0000
 2015-Nov-18 00:00 15 31 00.62 -19 02 22.8 -26.77 -10.59 134.05   2.55 0.98868769637555  -0.4317739   0.0000 /?   0.0000
 2015-Nov-19 00:00 15 35 09.50 -19 16 46.4 -26.77 -10.59 120.87   2.43 0.98846976365329  -0.4259428   0.0000 /?   0.0000
 2015-Nov-20 00:00 15 39 19.19 -19 30 49.3 -26.77 -10.59 107.69   2.31 0.98825519090923  -0.4194222   0.0000 /?   0.0000
 2015-Nov-21 00:00 15 43 29.67 -19 44 31.0 -26.77 -10.59  94.51   2.19 0.98804437767777  -0.4121815   0.0000 /?   0.0000
 2015-Nov-22 00:00 15 47 40.94 -19 57 51.1 -26.77 -10.59  81.32   2.07 0.98783773134072  -0.4042265   0.0000 /?   0.0000
 2015-Nov-23 00:00 15 51 52.99 -20 10 49.3 -26.77 -10.59  68.14   1.95 0.98763564301957  -0.3956099   0.0000 /?   0.0000
 2015-Nov-24 00:00 15 56 05.82 -20 23 25.2 -26.77 -10.59  54.96   1.82 0.98743845892303  -0.3864352   0.0000 /?   0.0000
 2015-Nov-25 00:00 16 00 19.42 -20 35 38.6 -26.77 -10.59  41.78   1.70 0.98724645177292  -0.3768518   0.0000 /?   0.0000
 2015-Nov-26 00:00 16 04 33.78 -20 47 29.0 -26.77 -10.59  28.60   1.58 0.98705979901825  -0.3670370   0.0000 /?   0.0000
 2015-Nov-27 00:00 16 08 48.88 -20 58 56.1 -26.77 -10.59  15.42   1.45 0.98687857391162  -0.3571704   0.0000 /?   0.0000
 2015-Nov-28 00:00 16 13 04.73 -21 09 59.7 -26.77 -10.59   2.24   1.33 0.98670275168990  -0.3474089   0.0000 /?   0.0000
 2015-Nov-29 00:00 16 17 21.31 -21 20 39.4 -26.77 -10.59 349.06   1.20 0.98653222798781  -0.3378702   0.0000 /?   0.0000
 2015-Nov-30 00:00 16 21 38.60 -21 30 54.9 -26.77 -10.59 335.88   1.07 0.98636684317951  -0.3286289   0.0000 /?   0.0000
 2015-Dec-01 00:00 16 25 56.59 -21 40 45.9 -26.77 -10.59 322.70   0.95 0.98620640613368  -0.3197219   0.0000 /?   0.0000
 2015-Dec-02 00:00 16 30 15.26 -21 50 12.2 -26.77 -10.59 309.52   0.82 0.98605071311253  -0.3111586   0.0000 /?   0.0000
 2015-Dec-03 00:00 16 34 34.59 -21 59 13.3 -26.77 -10.59 296.34   0.69 0.98589956039654  -0.3029320   0.0000 /?   0.0000
 2015-Dec-04 00:00 16 38 54.56 -22 07 49.2 -26.77 -10.59 283.16   0.56 0.98575275132216  -0.2950269   0.0000 /?   0.0000
 2015-Dec-05 00:00 16 43 15.14 -22 15 59.5 -26.77 -10.59 269.99   0.44 0.98561009942704  -0.2874249   0.0000 /?   0.0000
 2015-Dec-06 00:00 16 47 36.31 -22 23 43.9 -26.77 -10.59 256.81   0.31 0.98547142958712  -0.2801062   0.0000 /?   0.0000
 2015-Dec-07 00:00 16 51 58.05 -22 31 02.2 -26.77 -10.59 243.63   0.18 0.98533657880796  -0.2730494   0.0000 /?   0.0000
 2015-Dec-08 00:00 16 56 20.32 -22 37 54.1 -26.77 -10.59 230.45   0.05 0.98520539796688  -0.2662286   0.0000 /?   0.0000
 2015-Dec-09 00:00 17 00 43.10 -22 44 19.5 -26.77 -10.59 217.28  -0.08 0.98507775539517  -0.2596098   0.0000 /?   0.0000
 2015-Dec-10 00:00 17 05 06.35 -22 50 18.2 -26.78 -10.59 204.10  -0.20 0.98495354272782  -0.2531468   0.0000 /?   0.0000
 2015-Dec-11 00:00 17 09 30.05 -22 55 49.9 -26.78 -10.59 190.93  -0.33 0.98483268290083  -0.2467783   0.0000 /?   0.0000
 2015-Dec-12 00:00 17 13 54.16 -23 00 54.4 -26.78 -10.59 177.75  -0.46 0.98471513955896  -0.2404261   0.0000 /?   0.0000
 2015-Dec-13 00:00 17 18 18.64 -23 05 31.6 -26.78 -10.59 164.57  -0.59 0.98460092656034  -0.2339962   0.0000 /?   0.0000
 2015-Dec-14 00:00 17 22 43.47 -23 09 41.3 -26.78 -10.59 151.40  -0.72 0.98449011592013  -0.2273835   0.0000 /?   0.0000
 2015-Dec-15 00:00 17 27 08.60 -23 13 23.4 -26.78 -10.59 138.22  -0.84 0.98438284259178  -0.2204780   0.0000 /?   0.0000
 2015-Dec-16 00:00 17 31 33.99 -23 16 37.7 -26.78 -10.59 125.05  -0.97 0.98427930495726  -0.2131726   0.0000 /?   0.0000
 2015-Dec-17 00:00 17 35 59.63 -23 19 24.2 -26.78 -10.59 111.87  -1.10 0.98417976058851  -0.2053722   0.0000 /?   0.0000
 2015-Dec-18 00:00 17 40 25.45 -23 21 42.7 -26.78 -10.59  98.70  -1.23 0.98408451743495  -0.1970002   0.0000 /?   0.0000
 2015-Dec-19 00:00 17 44 51.44 -23 23 33.1 -26.78 -10.59  85.53  -1.35 0.98399392085972  -0.1880058   0.0000 /?   0.0000
 2015-Dec-20 00:00 17 49 17.56 -23 24 55.4 -26.78 -10.59  72.35  -1.48 0.98390833692992  -0.1783704   0.0000 /?   0.0000
 2015-Dec-21 00:00 17 53 43.78 -23 25 49.6 -26.78 -10.59  59.18  -1.60 0.98382813236569  -0.1681125   0.0000 /?   0.0000
 2015-Dec-22 00:00 17 58 10.05 -23 26 15.5 -26.78 -10.59  46.00  -1.73 0.98375365195788  -0.1572908   0.0000 /?   0.0000
 2015-Dec-23 00:00 18 02 36.36 -23 26 13.1 -26.78 -10.59  32.83  -1.85 0.98368519523727  -0.1460039   0.0000 /?   0.0000
 2015-Dec-24 00:00 18 07 02.67 -23 25 42.5 -26.78 -10.59  19.66  -1.98 0.98362299540440  -0.1343823   0.0000 /?   0.0000
 2015-Dec-25 00:00 18 11 28.96 -23 24 43.6 -26.78 -10.59   6.48  -2.10 0.98356720421810  -0.1225757   0.0000 /?   0.0000
 2015-Dec-26 00:00 18 15 55.19 -23 23 16.5 -26.78 -10.59 353.31  -2.22 0.98351788589143  -0.1107358   0.0000 /?   0.0000
 2015-Dec-27 00:00 18 20 21.33 -23 21 21.2 -26.78 -10.59 340.14  -2.34 0.98347502094607  -0.0989993   0.0000 /?   0.0000
 2015-Dec-28 00:00 18 24 47.36 -23 18 57.7 -26.78 -10.59 326.97  -2.47 0.98343851830561  -0.0874770   0.0000 /?   0.0000
 2015-Dec-29 00:00 18 29 13.25 -23 16 06.2 -26.78 -10.59 313.79  -2.59 0.98340823198099  -0.0762492   0.0000 /?   0.0000
 2015-Dec-30 00:00 18 33 38.96 -23 12 46.6 -26.78 -10.59 300.62  -2.71 0.98338397831258  -0.0653679   0.0000 /?   0.0000
 2015-Dec-31 00:00 18 38 04.46 -23 08 59.2 -26.78 -10.59 287.45  -2.83 0.98336555071134  -0.0548629   0.0000 /?   0.0000
 2016-Jan-01 00:00 18 42 29.73 -23 04 43.9 -26.78 -10.59 274.28  -2.94 0.98335273040663  -0.0447487   0.0000 /?   0.0000
 2016-Jan-02 00:00 18 46 54.73 -23 00 01.0 -26.78 -10.59 261.11  -3.06 0.98334529312316  -0.0350319   0.0000 /?   0.0000
 2016-Jan-03 00:00 18 51 19.44 -22 54 50.5 -26.78 -10.59 247.94  -3.18 0.98334301253224  -0.0257148   0.0000 /?   0.0000
 2016-Jan-04 00:00 18 55 43.81 -22 49 12.7 -26.78 -10.59 234.77  -3.29 0.98334566177230  -0.0167980   0.0000 /?   0.0000
 2016-Jan-05 00:00 19 00 07.83 -22 43 07.6 -26.78 -10.59 221.60  -3.41 0.98335301447894  -0.0082802   0.0000 /?   0.0000
 2016-Jan-06 00:00 19 04 31.45 -22 36 35.4 -26.78 -10.59 208.43  -3.52 0.98336484675776  -0.0001546   0.0000 /?   0.0000
 2016-Jan-07 00:00 19 08 54.66 -22 29 36.4 -26.78 -10.59 195.26  -3.63 0.98338094141839   0.0075952   0.0000 /?   0.0000
 2016-Jan-08 00:00 19 13 17.41 -22 22 10.8 -26.78 -10.59 182.09  -3.74 0.98340109550190   0.0150020   0.0000 /?   0.0000
 2016-Jan-09 00:00 19 17 39.68 -22 14 18.8 -26.78 -10.59 168.92  -3.85 0.98342513153928   0.0221211   0.0000 /?   0.0000
 2016-Jan-10 00:00 19 22 01.44 -22 06 00.5 -26.78 -10.59 155.76  -3.96 0.98345291197973   0.0290346   0.0000 /?   0.0000
 2016-Jan-11 00:00 19 26 22.65 -21 57 16.3 -26.78 -10.59 142.59  -4.07 0.98348435492448   0.0358515   0.0000 /?   0.0000
 2016-Jan-12 00:00 19 30 43.30 -21 48 06.5 -26.78 -10.59 129.42  -4.17 0.98351944811142   0.0427014   0.0000 /?   0.0000
 2016-Jan-13 00:00 19 35 03.35 -21 38 31.2 -26.78 -10.59 116.25  -4.28 0.98355825766438   0.0497226   0.0000 /?   0.0000
 2016-Jan-14 00:00 19 39 22.77 -21 28 30.8 -26.78 -10.59 103.08  -4.38 0.98360092892172   0.0570474   0.0000 /?   0.0000
 2016-Jan-15 00:00 19 43 41.55 -21 18 05.6 -26.78 -10.59  89.92  -4.48 0.98364767853254   0.0647873   0.0000 /?   0.0000
 2016-Jan-16 00:00 19 47 59.65 -21 07 15.8 -26.78 -10.59  76.75  -4.59 0.98369877911721   0.0730223   0.0000 /?   0.0000
 2016-Jan-17 00:00 19 52 17.06 -20 56 01.8 -26.78 -10.59  63.58  -4.68 0.98375453915713   0.0817952   0.0000 /?   0.0000
 2016-Jan-18 00:00 19 56 33.75 -20 44 23.9 -26.78 -10.59  50.41  -4.78 0.98381528098294   0.0911105   0.0000 /?   0.0000
 2016-Jan-19 00:00 20 00 49.73 -20 32 22.4 -26.78 -10.59  37.25  -4.88 0.98388131908884   0.1009364   0.0000 /?   0.0000
 2016-Jan-20 00:00 20 05 04.96 -20 19 57.6 -26.78 -10.59  24.08  -4.97 0.98395294019634   0.1112086   0.0000 /?   0.0000
 2016-Jan-21 00:00 20 09 19.44 -20 07 09.9 -26.78 -10.59  10.91  -5.07 0.98403038603624   0.1218361   0.0000 /?   0.0000
 2016-Jan-22 00:00 20 13 33.16 -19 53 59.5 -26.78 -10.59 357.75  -5.16 0.98411383977941   0.1327082   0.0000 /?   0.0000
 2016-Jan-23 00:00 20 17 46.11 -19 40 26.9 -26.78 -10.59 344.58  -5.25 0.98420341712502   0.1437031   0.0000 /?   0.0000
 2016-Jan-24 00:00 20 21 58.29 -19 26 32.4 -26.78 -10.59 331.41  -5.33 0.98429916285332   0.1546982   0.0000 /?   0.0000
 2016-Jan-25 00:00 20 26 09.69 -19 12 16.4 -26.78 -10.59 318.24  -5.42 0.98440105298538   0.1655791   0.0000 /?   0.0000
 2016-Jan-26 00:00 20 30 20.30 -18 57 39.1 -26.78 -10.59 305.08  -5.51 0.98450900172836   0.1762469   0.0000 /?   0.0000
 2016-Jan-27 00:00 20 34 30.13 -18 42 41.0 -26.78 -10.59 291.91  -5.59 0.98462287152821   0.1866213   0.0000 /?   0.0000
 2016-Jan-28 00:00 20 38 39.17 -18 27 22.5 -26.78 -10.59 278.74  -5.67 0.98474248416854   0.1966413   0.0000 /?   0.0000
 2016-Jan-29 00:00 20 42 47.41 -18 11 43.9 -26.78 -10.59 265.58  -5.75 0.98486763104962   0.2062619   0.0000 /?   0.0000
 2016-Jan-30 00:00 20 46 54.85 -17 55 45.6 -26.77 -10.59 252.41  -5.83 0.98499808139137   0.2154503   0.0000 /?   0.0000
 2016-Jan-31 00:00 20 51 01.50 -17 39 27.9 -26.77 -10.59 239.24  -5.90 0.98513358785510   0.2241812   0.0000 /?   0.0000
 2016-Feb-01 00:00 20 55 07.35 -17 22 51.4 -26.77 -10.59 226.08  -5.98 0.98527388975857   0.2324329   0.0000 /?   0.0000
 2016-Feb-02 00:00 20 59 12.41 -17 05 56.4 -26.77 -10.59 212.91  -6.05 0.98541871458856   0.2401858   0.0000 /?   0.0000
 2016-Feb-03 00:00 21 03 16.66 -16 48 43.3 -26.77 -10.59 199.75  -6.12 0.98556777891790   0.2474220   0.0000 /?   0.0000
 2016-Feb-04 00:00 21 07 20.11 -16 31 12.5 -26.77 -10.59 186.58  -6.19 0.98572079016330   0.2541283   0.0000 /?   0.0000
 2016-Feb-05 00:00 21 11 22.77 -16 13 24.3 -26.77 -10.59 173.41  -6.25 0.98587745087050   0.2603022   0.0000 /?   0.0000
 2016-Feb-06 00:00 21 15 24.63 -15 55 19.4 -26.77 -10.59 160.25  -6.32 0.98603746725094   0.2659604   0.0000 /?   0.0000
 2016-Feb-07 00:00 21 19 25.70 -15 36 57.9 -26.77 -10.59 147.08  -6.38 0.98620056323579   0.2711491   0.0000 /?   0.0000
 2016-Feb-08 00:00 21 23 25.97 -15 18 20.5 -26.77 -10.59 133.92  -6.44 0.98636650002205   0.2759522   0.0000 /?   0.0000
 2016-Feb-09 00:00 21 27 25.44 -14 59 27.5 -26.77 -10.59 120.75  -6.50 0.98653509888769   0.2804934   0.0000 /?   0.0000
 2016-Feb-10 00:00 21 31 24.13 -14 40 19.3 -26.77 -10.59 107.58  -6.55 0.98670626256594   0.2849288   0.0000 /?   0.0000
 2016-Feb-11 00:00 21 35 22.02 -14 20 56.3 -26.77 -10.59  94.42  -6.61 0.98687998909824   0.2894286   0.0000 /?   0.0000
 2016-Feb-12 00:00 21 39 19.13 -14 01 19.1 -26.77 -10.59  81.25  -6.66 0.98705637323781   0.2941534   0.0000 /?   0.0000
 2016-Feb-13 00:00 21 43 15.45 -13 41 28.0 -26.77 -10.59  68.08  -6.71 0.98723559417947   0.2992321   0.0000 /?   0.0000
 2016-Feb-14 00:00 21 47 11.00 -13 21 23.5 -26.77 -10.59  54.91  -6.76 0.98741789277626   0.3047481   0.0000 /?   0.0000
 2016-Feb-15 00:00 21 51 05.78 -13 01 06.0 -26.77 -10.59  41.75  -6.80 0.98760354402993   0.3107367   0.0000 /?   0.0000
 2016-Feb-16 00:00 21 54 59.81 -12 40 35.9 -26.77 -10.59  28.58  -6.84 0.98779283046356   0.3171905   0.0000 /?   0.0000
 2016-Feb-17 00:00 21 58 53.09 -12 19 53.6 -26.77 -10.59  15.41  -6.89 0.98798601987520   0.3240679   0.0000 /?   0.0000
 2016-Feb-18 00:00 22 02 45.64 -11 58 59.6 -26.77 -10.59   2.24  -6.92 0.98818334858135   0.3313034   0.0000 /?   0.0000
 2016-Feb-19 00:00 22 06 37.48 -11 37 54.1 -26.77 -10.59 349.07  -6.96 0.98838500970547   0.3388148   0.0000 /?   0.0000
 2016-Feb-20 00:00 22 10 28.62 -11 16 37.8 -26.77 -10.59 335.90  -7.00 0.98859114555568   0.3465099   0.0000 /?   0.0000
 2016-Feb-21 00:00 22 14 19.08 -10 55 10.8 -26.77 -10.59 322.74  -7.03 0.98880184329634   0.3542915   0.0000 /?   0.0000
 2016-Feb-22 00:00 22 18 08.87 -10 33 33.7 -26.77 -10.59 309.57  -7.06 0.98901713346670   0.3620623   0.0000 /?   0.0000
 2016-Feb-23 00:00 22 21 58.02 -10 11 46.8 -26.77 -10.59 296.40  -7.09 0.98923699110104   0.3697287   0.0000 /?   0.0000
 2016-Feb-24 00:00 22 25 46.55 -09 49 50.6 -26.77 -10.59 283.22  -7.11 0.98946133914896   0.3772053   0.0000 /?   0.0000
 2016-Feb-25 00:00 22 29 34.47 -09 27 45.4 -26.76 -10.59 270.05  -7.14 0.98969005365393   0.3844163   0.0000 /?   0.0000
 2016-Feb-26 00:00 22 33 21.80 -09 05 31.5 -26.76 -10.59 256.88  -7.16 0.98992296989054   0.3912972   0.0000 /?   0.0000
 2016-Feb-27 00:00 22 37 08.56 -08 43 09.5 -26.76 -10.59 243.71  -7.18 0.99015988853873   0.3977933   0.0000 /?   0.0000
 2016-Feb-28 00:00 22 40 54.78 -08 20 39.7 -26.76 -10.59 230.54  -7.19 0.99040058105380   0.4038586   0.0000 /?   0.0000
 2016-Feb-29 00:00 22 44 40.47 -07 58 02.5 -26.76 -10.59 217.37  -7.21 0.99064479365563   0.4094522   0.0000 /?   0.0000
 2016-Mar-01 00:00 22 48 25.65 -07 35 18.2 -26.76 -10.59 204.19  -7.22 0.99089224974722   0.4145364   0.0000 /?   0.0000
 2016-Mar-02 00:00 22 52 10.33 -07 12 27.4 -26.76 -10.59 191.02  -7.23 0.99114265102580   0.4190746   0.0000 /?   0.0000
 2016-Mar-03 00:00 22 55 54.55 -06 49 30.3 -26.76 -10.59 177.85  -7.24 0.99139567805684   0.4230314   0.0000 /?   0.0000
 2016-Mar-04 00:00 22 59 38.31 -06 26 27.3 -26.76 -10.59 164.67  -7.25 0.99165099164186   0.4263754   0.0000 /?   0.0000
 2016-Mar-05 00:00 23 03 21.64 -06 03 18.9 -26.76 -10.59 151.50  -7.25 0.99190823688679   0.4290859   0.0000 /?   0.0000
 2016-Mar-06 00:00 23 07 04.55 -05 40 05.5 -26.76 -10.59 138.33  -7.25 0.99216705227543   0.4311637   0.0000 /?   0.0000
 2016-Mar-07 00:00 23 10 47.06 -05 16 47.4 -26.76 -10.59 125.15  -7.25 0.99242708583666   0.4326443   0.0000 /?   0.0000
 2016-Mar-08 00:00 23 14 29.19 -04 53 25.0 -26.76 -10.59 111.98  -7.25 0.99268801904563   0.4336106   0.0000 /?   0.0000
 2016-Mar-09 00:00 23 18 10.95 -04 29 58.8 -26.76 -10.59  98.80  -7.24 0.99294959606765   0.4341973   0.0000 /?   0.0000
 2016-Mar-10 00:00 23 21 52.35 -04 06 29.1 -26.76 -10.59  85.62  -7.23 0.99321165207957   0.4345828   0.0000 /?   0.0000
 2016-Mar-11 00:00 23 25 33.41 -03 42 56.4 -26.76 -10.59  72.45  -7.22 0.99347413196300   0.4349644   0.0000 /?   0.0000
 2016-Mar-12 00:00 23 29 14.15 -03 19 21.1 -26.76 -10.59  59.27  -7.21 0.99373709222762   0.4355266   0.0000 /?   0.0000
 2016-Mar-13 00:00 23 32 54.58 -02 55 43.5 -26.76 -10.59  46.09  -7.20 0.99400068479751   0.4364125   0.0000 /?   0.0000
 2016-Mar-14 00:00 23 36 34.72 -02 32 04.1 -26.75 -10.59  32.91  -7.18 0.99426512800167   0.4377087   0.0000 /?   0.0000
 2016-Mar-15 00:00 23 40 14.59 -02 08 23.2 -26.75 -10.59  19.73  -7.16 0.99453067357832   0.4394463   0.0000 /?   0.0000
 2016-Mar-16 00:00 23 43 54.20 -01 44 41.2 -26.75 -10.59   6.55  -7.14 0.99479757736839   0.4416118   0.0000 /?   0.0000
 2016-Mar-17 00:00 23 47 33.58 -01 20 58.5 -26.75 -10.59 353.37  -7.12 0.99506607759839   0.4441611   0.0000 /?   0.0000
 2016-Mar-18 00:00 23 51 12.75 -00 57 15.4 -26.75 -10.59 340.19  -7.09 0.99533638102286   0.4470322   0.0000 /?   0.0000
 2016-Mar-19 00:00 23 54 51.73 -00 33 32.4 -26.75 -10.59 327.00  -7.07 0.99560865518018   0.4501535   0.0000 /?   0.0000
 2016-Mar-20 00:00 23 58 30.54 -00 09 49.7 -26.75 -10.59 313.82  -7.04 0.99588302457702   0.4534494   0.0000 /?   0.0000
 2016-Mar-21 00:00 00 02 09.21 +00 13 52.3 -26.75 -10.59 300.64  -7.01 0.99615956907472   0.4568424   0.0000 /?   0.0000
 2016-Mar-22 00:00 00 05 47.77 +00 37 33.3 -26.75 -10.59 287.45  -6.97 0.99643832346484   0.4602554   0.0000 /?   0.0000
 2016-Mar-23 00:00 00 09 26.22 +01 01 12.9 -26.75 -10.59 274.26  -6.94 0.99671927781890   0.4636120   0.0000 /?   0.0000
 2016-Mar-24 00:00 00 13 04.61 +01 24 50.7 -26.75 -10.59 261.08  -6.90 0.99700237853588   0.4668388   0.0000 /?   0.0000
 2016-Mar-25 00:00 00 16 42.95 +01 48 26.4 -26.75 -10.59 247.89  -6.86 0.99728753009006   0.4698654   0.0000 /?   0.0000
 2016-Mar-26 00:00 00 20 21.26 +02 11 59.7 -26.75 -10.59 234.70  -6.82 0.99757459737900   0.4726264   0.0000 /?   0.0000
 2016-Mar-27 00:00 00 23 59.57 +02 35 30.2 -26.75 -10.59 221.51  -6.78 0.99786340839886   0.4750607   0.0000 /?   0.0000
 2016-Mar-28 00:00 00 27 37.90 +02 58 57.6 -26.75 -10.59 208.32  -6.73 0.99815375684011   0.4771115   0.0000 /?   0.0000
 2016-Mar-29 00:00 00 31 16.27 +03 22 21.5 -26.75 -10.59 195.13  -6.68 0.99844540418116   0.4787249   0.0000 /?   0.0000
 2016-Mar-30 00:00 00 34 54.71 +03 45 41.7 -26.74 -10.59 181.94  -6.63 0.99873808100010   0.4798488   0.0000 /?   0.0000
 2016-Mar-31 00:00 00 38 33.23 +04 08 57.7 -26.74 -10.59 168.75  -6.58 0.99903148754197   0.4804313   0.0000 /?   0.0000
 2016-Apr-01 00:00 00 42 11.86 +04 32 09.2 -26.74 -10.59 155.56  -6.53 0.99932529407471   0.4804216   0.0000 /?   0.0000
 2016-Apr-02 00:00 00 45 50.61 +04 55 15.9 -26.74 -10.59 142.37  -6.47 0.99961914223699   0.4797733   0.0000 /?   0.0000
 2016-Apr-03 00:00 00 49 29.52 +05 18 17.4 -26.74 -10.59 129.17  -6.42 0.99991264935469   0.4784513   0.0000 /?   0.0000
 2016-Apr-04 00:00 00 53 08.58 +05 41 13.4 -26.74 -10.59 115.98  -6.36 1.00020541833176   0.4764440   0.0000 /?   0.0000
 2016-Apr-05 00:00 00 56 47.82 +06 04 03.5 -26.74 -10.59 102.78  -6.30 1.00049705564591   0.4737788   0.0000 /?   0.0000
 2016-Apr-06 00:00 01 00 27.26 +06 26 47.4 -26.74 -10.59  89.59  -6.23 1.00078719838643   0.4705371   0.0000 /?   0.0000
 2016-Apr-07 00:00 01 04 06.91 +06 49 24.7 -26.74 -10.59  76.39  -6.17 1.00107554765812   0.4668598   0.0000 /?   0.0000
 2016-Apr-08 00:00 01 07 46.78 +07 11 55.0 -26.74 -10.59  63.19  -6.10 1.00136190096680   0.4629370   0.0000 /?   0.0000
 2016-Apr-09 00:00 01 11 26.88 +07 34 18.0 -26.74 -10.59  50.00  -6.03 1.00164617332582   0.4589804   0.0000 /?   0.0000
 2016-Apr-10 00:00 01 15 07.23 +07 56 33.3 -26.74 -10.59  36.80  -5.96 1.00192839900180   0.4551857   0.0000 /?   0.0000
 2016-Apr-11 00:00 01 18 47.83 +08 18 40.5 -26.74 -10.59  23.60  -5.89 1.00220871302774   0.4517026   0.0000 /?   0.0000
 2016-Apr-12 00:00 01 22 28.71 +08 40 39.3 -26.74 -10.59  10.40  -5.82 1.00248731942754   0.4486203   0.0000 /?   0.0000
 2016-Apr-13 00:00 01 26 09.88 +09 02 29.3 -26.74 -10.59 357.20  -5.74 1.00276445650320   0.4459705   0.0000 /?   0.0000
 2016-Apr-14 00:00 01 29 51.34 +09 24 10.3 -26.74 -10.59 343.99  -5.67 1.00304036748065   0.4437419   0.0000 /?   0.0000
 2016-Apr-15 00:00 01 33 33.13 +09 45 41.8 -26.73 -10.59 330.79  -5.59 1.00331528013878   0.4418956   0.0000 /?   0.0000
 2016-Apr-16 00:00 01 37 15.25 +10 07 03.5 -26.73 -10.59 317.58  -5.51 1.00358939502969   0.4403786   0.0000 /?   0.0000
 2016-Apr-17 00:00 01 40 57.72 +10 28 15.0 -26.73 -10.59 304.38  -5.43 1.00386287990997   0.4391321   0.0000 /?   0.0000
 2016-Apr-18 00:00 01 44 40.55 +10 49 16.2 -26.73 -10.59 291.17  -5.34 1.00413586773167   0.4380954   0.0000 /?   0.0000
 2016-Apr-19 00:00 01 48 23.77 +11 10 06.6 -26.73 -10.59 277.97  -5.26 1.00440845614193   0.4372075   0.0000 /?   0.0000
 2016-Apr-20 00:00 01 52 07.39 +11 30 45.9 -26.73 -10.59 264.76  -5.17 1.00468070725438   0.4364071   0.0000 /?   0.0000
 2016-Apr-21 00:00 01 55 51.43 +11 51 13.7 -26.73 -10.59 251.55  -5.09 1.00495264715803   0.4356313   0.0000 /?   0.0000
 2016-Apr-22 00:00 01 59 35.89 +12 11 29.9 -26.73 -10.59 238.34  -5.00 1.00522426511184   0.4348158   0.0000 /?   0.0000
 2016-Apr-23 00:00 02 03 20.81 +12 31 34.0 -26.73 -10.59 225.13  -4.91 1.00549551262750   0.4338950   0.0000 /?   0.0000
 2016-Apr-24 00:00 02 07 06.19 +12 51 25.8 -26.73 -10.59 211.92  -4.82 1.00576630269900   0.4328018   0.0000 /?   0.0000
 2016-Apr-25 00:00 02 10 52.04 +13 11 04.8 -26.73 -10.59 198.71  -4.72 1.00603650934869   0.4314688   0.0000 /?   0.0000
 2016-Apr-26 00:00 02 14 38.39 +13 30 30.9 -26.73 -10.59 185.49  -4.63 1.00630596750022   0.4298286   0.0000 /?   0.0000
 2016-Apr-27 00:00 02 18 25.24 +13 49 43.7 -26.73 -10.59 172.28  -4.54 1.00657447305263   0.4278139   0.0000 /?   0.0000
 2016-Apr-28 00:00 02 22 12.61 +14 08 42.9 -26.73 -10.59 159.07  -4.44 1.00684178300795   0.4253576   0.0000 /?   0.0000
 2016-Apr-29 00:00 02 26 00.51 +14 27 28.1 -26.73 -10.59 145.85  -4.34 1.00710761567698   0.4223934   0.0000 /?   0.0000
 2016-Apr-30 00:00 02 29 48.95 +14 45 59.1 -26.73 -10.59 132.64  -4.24 1.00737165140142   0.4188569   0.0000 /?   0.0000
 2016-May-01 00:00 02 33 37.93 +15 04 15.6 -26.73 -10.59 119.42  -4.14 1.00763353488677   0.4146902   0.0000 /?   0.0000
 2016-May-02 00:00 02 37 27.48 +15 22 17.2 -26.73 -10.59 106.20  -4.04 1.00789288102977   0.4098499   0.0000 /?   0.0000
 2016-May-03 00:00 02 41 17.58 +15 40 03.6 -26.72 -10.59  92.99  -3.94 1.00814928672900   0.4043196   0.0000 /?   0.0000
 2016-May-04 00:00 02 45 08.25 +15 57 34.5 -26.72 -10.59  79.77  -3.83 1.00840235096121   0.3981256   0.0000 /?   0.0000
 2016-May-05 00:00 02 48 59.49 +16 14 49.6 -26.72 -10.59  66.55  -3.73 1.00865170358662   0.3913501   0.0000 /?   0.0000
 2016-May-06 00:00 02 52 51.30 +16 31 48.5 -26.72 -10.59  53.33  -3.62 1.00889703959802   0.3841356   0.0000 /?   0.0000
 2016-May-07 00:00 02 56 43.67 +16 48 30.9 -26.72 -10.59  40.11  -3.52 1.00913815107313   0.3766720   0.0000 /?   0.0000
 2016-May-08 00:00 03 00 36.62 +17 04 56.6 -26.72 -10.59  26.89  -3.41 1.00937494693434   0.3691679   0.0000 /?   0.0000
 2016-May-09 00:00 03 04 30.12 +17 21 05.2 -26.72 -10.59  13.67  -3.30 1.00960745350771   0.3618152   0.0000 /?   0.0000
 2016-May-10 00:00 03 08 24.18 +17 36 56.3 -26.72 -10.59   0.45  -3.19 1.00983579607813   0.3547609   0.0000 /?   0.0000
 2016-May-11 00:00 03 12 18.80 +17 52 29.7 -26.72 -10.59 347.22  -3.08 1.01006016865610   0.3480951   0.0000 /?   0.0000
 2016-May-12 00:00 03 16 13.98 +18 07 45.0 -26.72 -10.59 334.00  -2.97 1.01028080171002   0.3418552   0.0000 /?   0.0000
 2016-May-13 00:00 03 20 09.71 +18 22 42.0 -26.72 -10.59 320.78  -2.86 1.01049793529456   0.3360393   0.0000 /?   0.0000
 2016-May-14 00:00 03 24 05.99 +18 37 20.4 -26.72 -10.59 307.55  -2.75 1.01071180063904   0.3306207   0.0000 /?   0.0000
 2016-May-15 00:00 03 28 02.82 +18 51 39.8 -26.72 -10.59 294.33  -2.63 1.01092260967661   0.3255607   0.0000 /?   0.0000
 2016-May-16 00:00 03 32 00.20 +19 05 40.1 -26.72 -10.59 281.10  -2.52 1.01113055025222   0.3208152   0.0000 /?   0.0000
 2016-May-17 00:00 03 35 58.13 +19 19 20.9 -26.72 -10.59 267.87  -2.41 1.01133578449287   0.3163391   0.0000 /?   0.0000
 2016-May-18 00:00 03 39 56.60 +19 32 42.0 -26.72 -10.59 254.65  -2.29 1.01153844831876   0.3120864   0.0000 /?   0.0000
 2016-May-19 00:00 03 43 55.61 +19 45 43.2 -26.72 -10.59 241.42  -2.18 1.01173865076991   0.3080095   0.0000 /?   0.0000
 2016-May-20 00:00 03 47 55.16 +19 58 24.1 -26.72 -10.59 228.19  -2.06 1.01193647246426   0.3040569   0.0000 /?   0.0000
 2016-May-21 00:00 03 51 55.24 +20 10 44.5 -26.72 -10.59 214.96  -1.94 1.01213196301441   0.3001721   0.0000 /?   0.0000
 2016-May-22 00:00 03 55 55.85 +20 22 44.2 -26.72 -10.59 201.73  -1.83 1.01232513760363   0.2962919   0.0000 /?   0.0000
 2016-May-23 00:00 03 59 56.99 +20 34 23.0 -26.72 -10.59 188.50  -1.71 1.01251597315593   0.2923466   0.0000 /?   0.0000
 2016-May-24 00:00 04 03 58.64 +20 45 40.5 -26.71 -10.59 175.27  -1.59 1.01270440462523   0.2882604   0.0000 /?   0.0000
 2016-May-25 00:00 04 08 00.81 +20 56 36.7 -26.71 -10.59 162.04  -1.47 1.01289032188326   0.2839528   0.0000 /?   0.0000
 2016-May-26 00:00 04 12 03.49 +21 07 11.2 -26.71 -10.59 148.81  -1.35 1.01307356755381   0.2793405   0.0000 /?   0.0000
 2016-May-27 00:00 04 16 06.66 +21 17 23.9 -26.71 -10.59 135.58  -1.23 1.01325393601472   0.2743397   0.0000 /?   0.0000
 2016-May-28 00:00 04 20 10.32 +21 27 14.5 -26.71 -10.59 122.34  -1.11 1.01343117378863   0.2688684   0.0000 /?   0.0000
 2016-May-29 00:00 04 24 14.46 +21 36 42.9 -26.71 -10.59 109.11  -0.99 1.01360498176480   0.2628507   0.0000 /?   0.0000
 2016-May-30 00:00 04 28 19.06 +21 45 48.9 -26.71 -10.59  95.88  -0.87 1.01377502015443   0.2562224   0.0000 /?   0.0000
 2016-May-31 00:00 04 32 24.11 +21 54 32.2 -26.71 -10.59  82.65  -0.75 1.01394091764032   0.2489395   0.0000 /?   0.0000
 2016-Jun-01 00:00 04 36 29.59 +22 02 52.6 -26.71 -10.59  69.41  -0.63 1.01410228647915   0.2409904   0.0000 /?   0.0000
 2016-Jun-02 00:00 04 40 35.50 +22 10 50.1 -26.71 -10.59  56.18  -0.51 1.01425874478010   0.2324082   0.0000 /?   0.0000
 2016-Jun-03 00:00 04 44 41.80 +22 18 24.4 -26.71 -10.59  42.95  -0.39 1.01440994528438   0.2232797   0.0000 /?   0.0000
 2016-Jun-04 00:00 04 48 48.47 +22 25 35.3 -26.71 -10.59  29.71  -0.27 1.01455560680612   0.2137447   0.0000 /?   0.0000
 2016-Jun-05 00:00 04 52 55.50 +22 32 22.7 -26.71 -10.59  16.48  -0.15 1.01469554141614   0.2039818   0.0000 /?   0.0000
 2016-Jun-06 00:00 04 57 02.85 +22 38 46.4 -26.71 -10.59   3.24  -0.03 1.01482966974239   0.1941823   0.0000 /?   0.0000
 2016-Jun-07 00:00 05 01 10.51 +22 44 46.4 -26.71 -10.59 350.01   0.09 1.01495801987716   0.1845215   0.0000 /?   0.0000
 2016-Jun-08 00:00 05 05 18.44 +22 50 22.3 -26.71 -10.59 336.77   0.21 1.01508071108710   0.1751360   0.0000 /?   0.0000
 2016-Jun-09 00:00 05 09 26.63 +22 55 34.2 -26.71 -10.59 323.54   0.33 1.01519792844371   0.1661156   0.0000 /?   0.0000
 2016-Jun-10 00:00 05 13 35.05 +23 00 21.9 -26.71 -10.59 310.30   0.45 1.01530989597408   0.1575058   0.0000 /?   0.0000
 2016-Jun-11 00:00 05 17 43.67 +23 04 45.2 -26.71 -10.59 297.07   0.57 1.01541685404696   0.1493187   0.0000 /?   0.0000
 2016-Jun-12 00:00 05 21 52.48 +23 08 44.2 -26.71 -10.59 283.83   0.69 1.01551904346275   0.1415446   0.0000 /?   0.0000
 2016-Jun-13 00:00 05 26 01.45 +23 12 18.6 -26.71 -10.59 270.59   0.81 1.01561669600710   0.1341624   0.0000 /?   0.0000
 2016-Jun-14 00:00 05 30 10.56 +23 15 28.5 -26.71 -10.59 257.36   0.93 1.01571002978837   0.1271457   0.0000 /?   0.0000
 2016-Jun-15 00:00 05 34 19.80 +23 18 13.8 -26.71 -10.59 244.12   1.05 1.01579924732013   0.1204663   0.0000 /?   0.0000
 2016-Jun-16 00:00 05 38 29.12 +23 20 34.4 -26.71 -10.59 230.88   1.17 1.01588453453728   0.1140941   0.0000 /?   0.0000
 2016-Jun-17 00:00 05 42 38.53 +23 22 30.3 -26.71 -10.59 217.65   1.29 1.01596605938091   0.1079956   0.0000 /?   0.0000
 2016-Jun-18 00:00 05 46 47.99 +23 24 01.4 -26.71 -10.59 204.41   1.41 1.01604396906380   0.1021311   0.0000 /?   0.0000
 2016-Jun-19 00:00 05 50 57.48 +23 25 07.7 -26.71 -10.59 191.17   1.53 1.01611838559637   0.0964518   0.0000 /?   0.0000
 2016-Jun-20 00:00 05 55 06.99 +23 25 49.2 -26.71 -10.59 177.93   1.65 1.01618939961917   0.0908967   0.0000 /?   0.0000
 2016-Jun-21 00:00 05 59 16.49 +23 26 05.9 -26.71 -10.59 164.70   1.76 1.01625706304514   0.0853917   0.0000 /?   0.0000
 2016-Jun-22 00:00 06 03 25.97 +23 25 57.8 -26.71 -10.59 151.46   1.88 1.01632138140809   0.0798498   0.0000 /?   0.0000
 2016-Jun-23 00:00 06 07 35.40 +23 25 24.9 -26.71 -10.59 138.22   2.00 1.01638230705198   0.0741737   0.0000 /?   0.0000
 2016-Jun-24 00:00 06 11 44.77 +23 24 27.2 -26.71 -10.59 124.99   2.11 1.01643973430434   0.0682599   0.0000 /?   0.0000
 2016-Jun-25 00:00 06 15 54.05 +23 23 04.8 -26.71 -10.59 111.75   2.23 1.01649349756444   0.0620046   0.0000 /?   0.0000
 2016-Jun-26 00:00 06 20 03.23 +23 21 17.7 -26.71 -10.59  98.51   2.34 1.01654337291888   0.0553100   0.0000 /?   0.0000
 2016-Jun-27 00:00 06 24 12.29 +23 19 06.0 -26.71 -10.59  85.27   2.45 1.01658908364926   0.0480915   0.0000 /?   0.0000
 2016-Jun-28 00:00 06 28 21.20 +23 16 29.6 -26.71 -10.59  72.04   2.57 1.01663030993371   0.0402851   0.0000 /?   0.0000
 2016-Jun-29 00:00 06 32 29.94 +23 13 28.8 -26.71 -10.59  58.80   2.68 1.01666670310610   0.0318554   0.0000 /?   0.0000
 2016-Jun-30 00:00 06 36 38.49 +23 10 03.6 -26.71 -10.59  45.57   2.79 1.01669790474570   0.0228045   0.0000 /?   0.0000
 2016-Jul-01 00:00 06 40 46.83 +23 06 14.0 -26.71 -10.59  32.33   2.90 1.01672357024387   0.0131781   0.0000 /?   0.0000
 2016-Jul-02 00:00 06 44 54.92 +23 02 00.2 -26.71 -10.59  19.09   3.01 1.01674339511658   0.0030682   0.0000 /?   0.0000
 2016-Jul-03 00:00 06 49 02.75 +22 57 22.2 -26.71 -10.59   5.86   3.12 1.01675714051225  -0.0073924   0.0000 /?   0.0000
 2016-Jul-04 00:00 06 53 10.29 +22 52 20.2 -26.71 -10.59 352.62   3.23 1.01676465307213  -0.0180445   0.0000 /?   0.0000
 2016-Jul-05 00:00 06 57 17.52 +22 46 54.4 -26.71 -10.59 339.39   3.34 1.01676587469716  -0.0287221   0.0000 /?   0.0000
 2016-Jul-06 00:00 07 01 24.40 +22 41 04.8 -26.71 -10.59 326.15   3.44 1.01676084024208  -0.0392733   0.0000 /?   0.0000
 2016-Jul-07 00:00 07 05 30.91 +22 34 51.6 -26.71 -10.59 312.92   3.55 1.01674966467546  -0.0495755   0.0000 /?   0.0000
 2016-Jul-08 00:00 07 09 37.04 +22 28 15.0 -26.71 -10.59 299.68   3.65 1.01673252399767  -0.0595412   0.0000 /?   0.0000
 2016-Jul-09 00:00 07 13 42.76 +22 21 15.1 -26.71 -10.59 286.45   3.76 1.01670963495411  -0.0691168   0.0000 /?   0.0000
 2016-Jul-10 00:00 07 17 48.05 +22 13 52.1 -26.71 -10.59 273.21   3.86 1.01668123744240  -0.0782752   0.0000 /?   0.0000
 2016-Jul-11 00:00 07 21 52.89 +22 06 06.1 -26.71 -10.59 259.98   3.96 1.01664758153304  -0.0870076   0.0000 /?   0.0000
 2016-Jul-12 00:00 07 25 57.27 +21 57 57.4 -26.71 -10.59 246.75   4.06 1.01660891923517  -0.0953156   0.0000 /?   0.0000
 2016-Jul-13 00:00 07 30 01.17 +21 49 26.1 -26.71 -10.59 233.51   4.16 1.01656550001893  -0.1032065   0.0000 /?   0.0000
 2016-Jul-14 00:00 07 34 04.57 +21 40 32.5 -26.71 -10.59 220.28   4.26 1.01651756863043  -0.1106897   0.0000 /?   0.0000
 2016-Jul-15 00:00 07 38 07.47 +21 31 16.6 -26.71 -10.59 207.05   4.36 1.01646536367197  -0.1177778   0.0000 /?   0.0000
 2016-Jul-16 00:00 07 42 09.85 +21 21 38.8 -26.71 -10.59 193.81   4.45 1.01640911555624  -0.1244877   0.0000 /?   0.0000
 2016-Jul-17 00:00 07 46 11.70 +21 11 39.3 -26.71 -10.59 180.58   4.55 1.01634904268112  -0.1308451   0.0000 /?   0.0000
 2016-Jul-18 00:00 07 50 13.02 +21 01 18.2 -26.71 -10.59 167.35   4.64 1.01628534501978  -0.1368895   0.0000 /?   0.0000
 2016-Jul-19 00:00 07 54 13.79 +20 50 35.8 -26.71 -10.59 154.12   4.73 1.01621819484649  -0.1426785   0.0000 /?   0.0000
 2016-Jul-20 00:00 07 58 14.00 +20 39 32.4 -26.71 -10.59 140.89   4.82 1.01614772506125  -0.1482913   0.0000 /?   0.0000
 2016-Jul-21 00:00 08 02 13.66 +20 28 08.1 -26.71 -10.59 127.65   4.91 1.01607401646529  -0.1538291   0.0000 /?   0.0000
 2016-Jul-22 00:00 08 06 12.76 +20 16 23.1 -26.71 -10.59 114.42   5.00 1.01599708613069  -0.1594106   0.0000 /?   0.0000
 2016-Jul-23 00:00 08 10 11.29 +20 04 17.8 -26.71 -10.59 101.19   5.09 1.01591687935180  -0.1651642   0.0000 /?   0.0000
 2016-Jul-24 00:00 08 14 09.26 +19 51 52.4 -26.71 -10.59  87.96   5.17 1.01583326729983  -0.1712163   0.0000 /?   0.0000
 2016-Jul-25 00:00 08 18 06.65 +19 39 07.1 -26.71 -10.59  74.73   5.26 1.01574605147587  -0.1776799   0.0000 /?   0.0000
 2016-Jul-26 00:00 08 22 03.48 +19 26 02.2 -26.71 -10.59  61.51   5.34 1.01565497477599  -0.1846435   0.0000 /?   0.0000
 2016-Jul-27 00:00 08 25 59.73 +19 12 37.9 -26.71 -10.59  48.28   5.42 1.01555973796792  -0.1921636   0.0000 /?   0.0000
 2016-Jul-28 00:00 08 29 55.40 +18 58 54.5 -26.71 -10.59  35.05   5.50 1.01546001991886  -0.2002591   0.0000 /?   0.0000
 2016-Jul-29 00:00 08 33 50.49 +18 44 52.3 -26.71 -10.59  21.82   5.58 1.01535549989532  -0.2089096   0.0000 /?   0.0000
 2016-Jul-30 00:00 08 37 44.99 +18 30 31.6 -26.71 -10.59   8.60   5.66 1.01524588031288  -0.2180560   0.0000 /?   0.0000
 2016-Jul-31 00:00 08 41 38.90 +18 15 52.6 -26.71 -10.59 355.37   5.73 1.01513090815833  -0.2276043   0.0000 /?   0.0000
 2016-Aug-01 00:00 08 45 32.22 +18 00 55.7 -26.71 -10.59 342.14   5.80 1.01501039298493  -0.2374337   0.0000 /?   0.0000
 2016-Aug-02 00:00 08 49 24.94 +17 45 41.1 -26.71 -10.59 328.92   5.88 1.01488421927417  -0.2474078   0.0000 /?   0.0000
 2016-Aug-03 00:00 08 53 17.06 +17 30 09.2 -26.71 -10.59 315.69   5.95 1.01475235149935  -0.2573885   0.0000 /?   0.0000
 2016-Aug-04 00:00 08 57 08.57 +17 14 20.3 -26.71 -10.59 302.47   6.01 1.01461483151307  -0.2672481   0.0000 /?   0.0000
 2016-Aug-05 00:00 09 00 59.47 +16 58 14.6 -26.71 -10.59 289.25   6.08 1.01447176949862  -0.2768789   0.0000 /?   0.0000
 2016-Aug-06 00:00 09 04 49.77 +16 41 52.4 -26.71 -10.59 276.02   6.15 1.01432333098132  -0.2861973   0.0000 /?   0.0000
 2016-Aug-07 00:00 09 08 39.46 +16 25 14.1 -26.71 -10.59 262.80   6.21 1.01416972279257  -0.2951435   0.0000 /?   0.0000
 2016-Aug-08 00:00 09 12 28.55 +16 08 20.1 -26.71 -10.59 249.58   6.27 1.01401118040098  -0.3036772   0.0000 /?   0.0000
 2016-Aug-09 00:00 09 16 17.03 +15 51 10.5 -26.71 -10.59 236.36   6.33 1.01384795804338  -0.3117727   0.0000 /?   0.0000
 2016-Aug-10 00:00 09 20 04.92 +15 33 45.7 -26.71 -10.59 223.14   6.39 1.01368032205380  -0.3194128   0.0000 /?   0.0000
 2016-Aug-11 00:00 09 23 52.22 +15 16 06.0 -26.71 -10.59 209.92   6.45 1.01350854697728  -0.3265855   0.0000 /?   0.0000
 2016-Aug-12 00:00 09 27 38.93 +14 58 11.7 -26.71 -10.59 196.70   6.50 1.01333291353344  -0.3332810   0.0000 /?   0.0000
 2016-Aug-13 00:00 09 31 25.07 +14 40 03.2 -26.71 -10.59 183.48   6.56 1.01315370719096  -0.3394925   0.0000 /?   0.0000
 2016-Aug-14 00:00 09 35 10.64 +14 21 40.7 -26.71 -10.59 170.26   6.61 1.01297121594260  -0.3452184   0.0000 /?   0.0000
 2016-Aug-15 00:00 09 38 55.65 +14 03 04.6 -26.71 -10.59 157.04   6.66 1.01278572580881  -0.3504677   0.0000 /?   0.0000
 2016-Aug-16 00:00 09 42 40.13 +13 44 15.1 -26.71 -10.59 143.82   6.70 1.01259751273124  -0.3552671   0.0000 /?   0.0000
 2016-Aug-17 00:00 09 46 24.07 +13 25 12.6 -26.72 -10.59 130.60   6.75 1.01240683003105  -0.3596690   0.0000 /?   0.0000
 2016-Aug-18 00:00 09 50 07.49 +13 05 57.3 -26.72 -10.59 117.38   6.79 1.01221389168825  -0.3637572   0.0000 /?   0.0000
 2016-Aug-19 00:00 09 53 50.41 +12 46 29.6 -26.72 -10.59 104.17   6.83 1.01201885333254  -0.3676489   0.0000 /?   0.0000
 2016-Aug-20 00:00 09 57 32.85 +12 26 49.7 -26.72 -10.59  90.95   6.87 1.01182179457046  -0.3714877   0.0000 /?   0.0000
 2016-Aug-21 00:00 10 01 14.82 +12 06 58.0 -26.72 -10.59  77.73   6.91 1.01162270721164  -0.3754304   0.0000 /?   0.0000
 2016-Aug-22 00:00 10 04 56.33 +11 46 54.8 -26.72 -10.59  64.52   6.95 1.01142149323313  -0.3796273   0.0000 /?   0.0000
 2016-Aug-23 00:00 10 08 37.42 +11 26 40.3 -26.72 -10.59  51.30   6.98 1.01121797388048  -0.3842038   0.0000 /?   0.0000
 2016-Aug-24 00:00 10 12 18.08 +11 06 14.9 -26.72 -10.59  38.09   7.01 1.01101190822114  -0.3892474   0.0000 /?   0.0000
 2016-Aug-25 00:00 10 15 58.34 +10 45 38.9 -26.72 -10.59  24.88   7.05 1.01080301727762  -0.3948014   0.0000 /?   0.0000
 2016-Aug-26 00:00 10 19 38.21 +10 24 52.5 -26.72 -10.59  11.67   7.07 1.01059100944109  -0.4008659   0.0000 /?   0.0000
 2016-Aug-27 00:00 10 23 17.71 +10 03 56.2 -26.72 -10.59 358.45   7.10 1.01037560389746  -0.4074038   0.0000 /?   0.0000
 2016-Aug-28 00:00 10 26 56.85 +09 42 50.2 -26.72 -10.59 345.24   7.12 1.01015655030671  -0.4143474   0.0000 /?   0.0000
 2016-Aug-29 00:00 10 30 35.64 +09 21 34.9 -26.72 -10.59 332.03   7.15 1.00993364412573  -0.4216062   0.0000 /?   0.0000
 2016-Aug-30 00:00 10 34 14.10 +09 00 10.6 -26.72 -10.59 318.82   7.17 1.00970673748218  -0.4290750   0.0000 /?   0.0000
 2016-Aug-31 00:00 10 37 52.23 +08 38 37.6 -26.72 -10.59 305.61   7.18 1.00947574559952  -0.4366413   0.0000 /?   0.0000
 2016-Sep-01 00:00 10 41 30.05 +08 16 56.3 -26.72 -10.59 292.40   7.20 1.00924064880843  -0.4441926   0.0000 /?   0.0000
 2016-Sep-02 00:00 10 45 07.58 +07 55 07.0 -26.72 -10.59 279.19   7.21 1.00900149040757  -0.4516235   0.0000 /?   0.0000
 2016-Sep-03 00:00 10 48 44.82 +07 33 10.0 -26.72 -10.59 265.99   7.23 1.00875837106930  -0.4588408   0.0000 /?   0.0000
 2016-Sep-04 00:00 10 52 21.79 +07 11 05.7 -26.72 -10.59 252.78   7.24 1.00851144094162  -0.4657659   0.0000 /?   0.0000
 2016-Sep-05 00:00 10 55 58.51 +06 48 54.5 -26.72 -10.59 239.57   7.24 1.00826089085608  -0.4723354   0.0000 /?   0.0000
 2016-Sep-06 00:00 10 59 34.99 +06 26 36.6 -26.72 -10.59 226.36   7.25 1.00800694399381  -0.4784994   0.0000 /?   0.0000
 2016-Sep-07 00:00 11 03 11.25 +06 04 12.4 -26.73 -10.59 213.16   7.25 1.00774984902092  -0.4842182   0.0000 /?   0.0000
 2016-Sep-08 00:00 11 06 47.29 +05 41 42.3 -26.73 -10.59 199.95   7.25 1.00748987520592  -0.4894586   0.0000 /?   0.0000
 2016-Sep-09 00:00 11 10 23.15 +05 19 06.5 -26.73 -10.59 186.75   7.25 1.00722730950306  -0.4941912   0.0000 /?   0.0000
 2016-Sep-10 00:00 11 13 58.84 +04 56 25.4 -26.73 -10.59 173.54   7.25 1.00696245509265  -0.4983881   0.0000 /?   0.0000
 2016-Sep-11 00:00 11 17 34.38 +04 33 39.3 -26.73 -10.59 160.34   7.25 1.00669563041387  -0.5020236   0.0000 /?   0.0000
 2016-Sep-12 00:00 11 21 09.78 +04 10 48.6 -26.73 -10.59 147.13   7.24 1.00642716728795  -0.5050767   0.0000 /?   0.0000
 2016-Sep-13 00:00 11 24 45.07 +03 47 53.5 -26.73 -10.59 133.93   7.23 1.00615740634095  -0.5075382   0.0000 /?   0.0000
 2016-Sep-14 00:00 11 28 20.27 +03 24 54.5 -26.73 -10.59 120.73   7.22 1.00588668776256  -0.5094196   0.0000 /?   0.0000
 2016-Sep-15 00:00 11 31 55.40 +03 01 51.7 -26.73 -10.59 107.52   7.21 1.00561533583218  -0.5107651   0.0000 /?   0.0000
 2016-Sep-16 00:00 11 35 30.48 +02 38 45.6 -26.73 -10.59  94.32   7.19 1.00534363704893  -0.5116614   0.0000 /?   0.0000
 2016-Sep-17 00:00 11 39 05.54 +02 15 36.5 -26.73 -10.59  81.12   7.17 1.00507181427930  -0.5122406   0.0000 /?   0.0000
 2016-Sep-18 00:00 11 42 40.61 +01 52 24.6 -26.73 -10.59  67.92   7.15 1.00480000238573  -0.5126715   0.0000 /?   0.0000
 2016-Sep-19 00:00 11 46 15.70 +01 29 10.3 -26.73 -10.59  54.72   7.13 1.00452823255808  -0.5131386   0.0000 /?   0.0000
 2016-Sep-20 00:00 11 49 50.85 +01 05 53.8 -26.73 -10.59  41.52   7.11 1.00425643118878  -0.5138142   0.0000 /?   0.0000
 2016-Sep-21 00:00 11 53 26.07 +00 42 35.6 -26.73 -10.59  28.32   7.08 1.00398443453022  -0.5148335   0.0000 /?   0.0000
 2016-Sep-22 00:00 11 57 01.40 +00 19 15.9 -26.73 -10.59  15.12   7.05 1.00371201497983  -0.5162798   0.0000 /?   0.0000
 2016-Sep-23 00:00 12 00 36.85 -00 04 05.0 -26.73 -10.59   1.92   7.02 1.00343891179886  -0.5181841   0.0000 /?   0.0000
 2016-Sep-24 00:00 12 04 12.44 -00 27 26.7 -26.74 -10.59 348.72   6.99 1.00316485960935  -0.5205323   0.0000 /?   0.0000
 2016-Sep-25 00:00 12 07 48.19 -00 50 48.9 -26.74 -10.59 335.52   6.96 1.00288961085285  -0.5232776   0.0000 /?   0.0000
 2016-Sep-26 00:00 12 11 24.13 -01 14 11.2 -26.74 -10.59 322.32   6.92 1.00261295139695  -0.5263518   0.0000 /?   0.0000
 2016-Sep-27 00:00 12 15 00.27 -01 37 33.3 -26.74 -10.59 309.13   6.88 1.00233471032226  -0.5296736   0.0000 /?   0.0000
 2016-Sep-28 00:00 12 18 36.63 -02 00 54.8 -26.74 -10.59 295.93   6.84 1.00205476546780  -0.5331554   0.0000 /?   0.0000
 2016-Sep-29 00:00 12 22 13.22 -02 24 15.3 -26.74 -10.59 282.73   6.80 1.00177304604825  -0.5367066   0.0000 /?   0.0000
 2016-Sep-30 00:00 12 25 50.07 -02 47 34.6 -26.74 -10.59 269.54   6.76 1.00148953314129  -0.5402376   0.0000 /?   0.0000
 2016-Oct-01 00:00 12 29 27.19 -03 10 52.2 -26.74 -10.59 256.34   6.71 1.00120425844047  -0.5436625   0.0000 /?   0.0000
 2016-Oct-02 00:00 12 33 04.59 -03 34 07.7 -26.74 -10.59 243.15   6.66 1.00091730151706  -0.5469008   0.0000 /?   0.0000
 2016-Oct-03 00:00 12 36 42.30 -03 57 20.8 -26.74 -10.59 229.95   6.61 1.00062878590405  -0.5498801   0.0000 /?   0.0000
 2016-Oct-04 00:00 12 40 20.33 -04 20 31.2 -26.74 -10.59 216.76   6.56 1.00033887448528  -0.5525358   0.0000 /?   0.0000
 2016-Oct-05 00:00 12 43 58.70 -04 43 38.4 -26.74 -10.59 203.56   6.50 1.00004776481120  -0.5548113   0.0000 /?   0.0000
 2016-Oct-06 00:00 12 47 37.43 -05 06 42.0 -26.74 -10.59 190.37   6.45 0.99975568497550  -0.5566564   0.0000 /?   0.0000
 2016-Oct-07 00:00 12 51 16.53 -05 29 41.8 -26.74 -10.59 177.18   6.39 0.99946289054582  -0.5580250   0.0000 /?   0.0000
 2016-Oct-08 00:00 12 54 56.02 -05 52 37.3 -26.74 -10.59 163.98   6.33 0.99916966275774  -0.5588731   0.0000 /?   0.0000
 2016-Oct-09 00:00 12 58 35.93 -06 15 28.1 -26.74 -10.59 150.79   6.27 0.99887630777889  -0.5591573   0.0000 /?   0.0000
 2016-Oct-10 00:00 13 02 16.26 -06 38 13.9 -26.75 -10.59 137.60   6.20 0.99858315633502  -0.5588355   0.0000 /?   0.0000
 2016-Oct-11 00:00 13 05 57.04 -07 00 54.4 -26.75 -10.59 124.41   6.14 0.99829056236472  -0.5578696   0.0000 /?   0.0000
 2016-Oct-12 00:00 13 09 38.29 -07 23 29.0 -26.75 -10.59 111.21   6.07 0.99799889869449  -0.5562329   0.0000 /?   0.0000
 2016-Oct-13 00:00 13 13 20.03 -07 45 57.5 -26.75 -10.59  98.02   6.00 0.99770854723116  -0.5539221   0.0000 /?   0.0000
 2016-Oct-14 00:00 13 17 02.27 -08 08 19.5 -26.75 -10.59  84.83   5.93 0.99741988137236  -0.5509717   0.0000 /?   0.0000
 2016-Oct-15 00:00 13 20 45.04 -08 30 34.7 -26.75 -10.59  71.64   5.86 0.99713323996626  -0.5474677   0.0000 /?   0.0000
 2016-Oct-16 00:00 13 24 28.37 -08 52 42.6 -26.75 -10.59  58.45   5.78 0.99684889561032  -0.5435523   0.0000 /?   0.0000
 2016-Oct-17 00:00 13 28 12.27 -09 14 42.9 -26.75 -10.59  45.26   5.70 0.99656702443554  -0.5394132   0.0000 /?   0.0000
 2016-Oct-18 00:00 13 31 56.76 -09 36 35.3 -26.75 -10.59  32.07   5.63 0.99628768705886  -0.5352562   0.0000 /?   0.0000
 2016-Oct-19 00:00 13 35 41.88 -09 58 19.3 -26.75 -10.59  18.88   5.55 0.99601082819883  -0.5312701   0.0000 /?   0.0000
 2016-Oct-20 00:00 13 39 27.64 -10 19 54.7 -26.75 -10.59   5.69   5.46 0.99573629563688  -0.5275973   0.0000 /?   0.0000
 2016-Oct-21 00:00 13 43 14.06 -10 41 21.0 -26.75 -10.59 352.50   5.38 0.99546387186847  -0.5243200   0.0000 /?   0.0000
 2016-Oct-22 00:00 13 47 01.15 -11 02 37.9 -26.75 -10.59 339.31   5.30 0.99519330856515  -0.5214638   0.0000 /?   0.0000
 2016-Oct-23 00:00 13 50 48.94 -11 23 45.0 -26.75 -10.59 326.12   5.21 0.99492435587782  -0.5190104   0.0000 /?   0.0000
 2016-Oct-24 00:00 13 54 37.44 -11 44 41.9 -26.75 -10.59 312.93   5.12 0.99465678303909  -0.5169141   0.0000 /?   0.0000
 2016-Oct-25 00:00 13 58 26.66 -12 05 28.2 -26.75 -10.59 299.74   5.03 0.99439039057720  -0.5151136   0.0000 /?   0.0000
 2016-Oct-26 00:00 14 02 16.61 -12 26 03.4 -26.75 -10.59 286.55   4.94 0.99412501638276  -0.5135414   0.0000 /?   0.0000
 2016-Oct-27 00:00 14 06 07.31 -12 46 27.2 -26.76 -10.59 273.37   4.84 0.99386053812840  -0.5121277   0.0000 /?   0.0000
 2016-Oct-28 00:00 14 09 58.76 -13 06 39.2 -26.76 -10.59 260.18   4.75 0.99359687394014  -0.5108021   0.0000 /?   0.0000
 2016-Oct-29 00:00 14 13 50.98 -13 26 39.0 -26.76 -10.59 246.99   4.65 0.99333398241360  -0.5094947   0.0000 /?   0.0000
 2016-Oct-30 00:00 14 17 43.96 -13 46 26.0 -26.76 -10.59 233.81   4.56 0.99307186240279  -0.5081361   0.0000 /?   0.0000
 2016-Oct-31 00:00 14 21 37.73 -14 06 00.0 -26.76 -10.59 220.62   4.46 0.99281055260264  -0.5066577   0.0000 /?   0.0000
 2016-Nov-01 00:00 14 25 32.29 -14 25 20.5 -26.76 -10.59 207.43   4.36 0.99255013079908  -0.5049929   0.0000 /?   0.0000
 2016-Nov-02 00:00 14 29 27.64 -14 44 27.1 -26.76 -10.59 194.25   4.25 0.99229071271299  -0.5030771   0.0000 /?   0.0000
 2016-Nov-03 00:00 14 33 23.79 -15 03 19.4 -26.76 -10.59 181.06   4.15 0.99203245052514  -0.5008486   0.0000 /?   0.0000
 2016-Nov-04 00:00 14 37 20.74 -15 21 56.8 -26.76 -10.59 167.88   4.05 0.99177553133636  -0.4982483   0.0000 /?   0.0000
 2016-Nov-05 00:00 14 41 18.50 -15 40 19.2 -26.76 -10.59 154.69   3.94 0.99152017589727  -0.4952187   0.0000 /?   0.0000
 2016-Nov-06 00:00 14 45 17.08 -15 58 25.9 -26.76 -10.59 141.51   3.83 0.99126663786930  -0.4917034   0.0000 /?   0.0000
 2016-Nov-07 00:00 14 49 16.47 -16 16 16.6 -26.76 -10.59 128.32   3.73 0.99101520361115  -0.4876458   0.0000 /?   0.0000
 2016-Nov-08 00:00 14 53 16.68 -16 33 50.9 -26.76 -10.59 115.14   3.62 0.99076619200039  -0.4829904   0.0000 /?   0.0000
 2016-Nov-09 00:00 14 57 17.72 -16 51 08.4 -26.76 -10.59 101.95   3.51 0.99051995310100  -0.4776858   0.0000 /?   0.0000
 2016-Nov-10 00:00 15 01 19.58 -17 08 08.7 -26.76 -10.59  88.77   3.39 0.99027686365417  -0.4716929   0.0000 /?   0.0000
 2016-Nov-11 00:00 15 05 22.27 -17 24 51.3 -26.76 -10.59  75.59   3.28 0.99003731668637  -0.4649971   0.0000 /?   0.0000
 2016-Nov-12 00:00 15 09 25.79 -17 41 15.9 -26.76 -10.59  62.40   3.17 0.98980170261436  -0.4576252   0.0000 /?   0.0000
 2016-Nov-13 00:00 15 13 30.15 -17 57 22.2 -26.76 -10.59  49.22   3.05 0.98957038096809  -0.4496596   0.0000 /?   0.0000
 2016-Nov-14 00:00 15 17 35.35 -18 13 09.6 -26.77 -10.59  36.03   2.94 0.98934364574469  -0.4412445   0.0000 /?   0.0000
 2016-Nov-15 00:00 15 21 41.39 -18 28 37.8 -26.77 -10.59  22.85   2.82 0.98912169234366  -0.4325738   0.0000 /?   0.0000
 2016-Nov-16 00:00 15 25 48.28 -18 43 46.6 -26.77 -10.59   9.67   2.70 0.98890459678211  -0.4238612   0.0000 /?   0.0000
 2016-Nov-17 00:00 15 29 56.01 -18 58 35.4 -26.77 -10.59 356.49   2.58 0.98869231514851  -0.4153023   0.0000 /?   0.0000
 2016-Nov-18 00:00 15 34 04.60 -19 13 04.0 -26.77 -10.59 343.30   2.46 0.98848470345114  -0.4070446   0.0000 /?   0.0000
 2016-Nov-19 00:00 15 38 14.02 -19 27 11.9 -26.77 -10.59 330.12   2.34 0.98828155011641  -0.3991747   0.0000 /?   0.0000
 2016-Nov-20 00:00 15 42 24.29 -19 40 58.9 -26.77 -10.59 316.94   2.22 0.98808261044301  -0.3917231   0.0000 /?   0.0000
 2016-Nov-21 00:00 15 46 35.39 -19 54 24.5 -26.77 -10.59 303.76   2.10 0.98788763491382  -0.3846793   0.0000 /?   0.0000
 2016-Nov-22 00:00 15 50 47.32 -20 07 28.4 -26.77 -10.59 290.58   1.98 0.98769638817903  -0.3780079   0.0000 /?   0.0000
 2016-Nov-23 00:00 15 55 00.06 -20 20 10.2 -26.77 -10.59 277.40   1.86 0.98750865947711  -0.3716616   0.0000 /?   0.0000
 2016-Nov-24 00:00 15 59 13.60 -20 32 29.6 -26.77 -10.59 264.21   1.73 0.98732426708139  -0.3655889   0.0000 /?   0.0000
 2016-Nov-25 00:00 16 03 27.92 -20 44 26.3 -26.77 -10.59 251.03   1.61 0.98714305950696  -0.3597377   0.0000 /?   0.0000
 2016-Nov-26 00:00 16 07 43.01 -20 55 59.8 -26.77 -10.59 237.85   1.48 0.98696491556420  -0.3540561   0.0000 /?   0.0000
 2016-Nov-27 00:00 16 11 58.85 -21 07 09.8 -26.77 -10.59 224.67   1.36 0.98678974452507  -0.3484912   0.0000 /?   0.0000
 2016-Nov-28 00:00 16 16 15.42 -21 17 56.1 -26.77 -10.59 211.50   1.23 0.98661748696070  -0.3429883   0.0000 /?   0.0000
 2016-Nov-29 00:00 16 20 32.71 -21 28 18.3 -26.77 -10.59 198.32   1.11 0.98644811629636  -0.3374893   0.0000 /?   0.0000
 2016-Nov-30 00:00 16 24 50.68 -21 38 16.0 -26.77 -10.59 185.14   0.98 0.98628164081626  -0.3319325   0.0000 /?   0.0000
 2016-Dec-01 00:00 16 29 09.32 -21 47 49.0 -26.77 -10.59 171.96   0.85 0.98611810572530  -0.3262531   0.0000 /?   0.0000
 2016-Dec-02 00:00 16 33 28.60 -21 56 57.0 -26.77 -10.59 158.78   0.72 0.98595759491267  -0.3203832   0.0000 /?   0.0000
 2016-Dec-03 00:00 16 37 48.49 -22 05 39.7 -26.77 -10.59 145.60   0.60 0.98580023221457  -0.3142536   0.0000 /?   0.0000
 2016-Dec-04 00:00 16 42 08.98 -22 13 56.8 -26.77 -10.59 132.42   0.47 0.98564618215500  -0.3077940   0.0000 /?   0.0000
 2016-Dec-05 00:00 16 46 30.03 -22 21 48.1 -26.77 -10.59 119.25   0.34 0.98549565024728  -0.3009340   0.0000 /?   0.0000
 2016-Dec-06 00:00 16 50 51.61 -22 29 13.3 -26.77 -10.59 106.07   0.21 0.98534888285726  -0.2936041   0.0000 /?   0.0000
 2016-Dec-07 00:00 16 55 13.70 -22 36 12.1 -26.77 -10.59  92.89   0.09 0.98520616628727  -0.2857371   0.0000 /?   0.0000
 2016-Dec-08 00:00 16 59 36.27 -22 42 44.4 -26.77 -10.59  79.72  -0.04 0.98506782412489  -0.2772732   0.0000 /?   0.0000
 2016-Dec-09 00:00 17 03 59.29 -22 48 49.9 -26.78 -10.59  66.54  -0.17 0.98493421112386  -0.2681672   0.0000 /?   0.0000
 2016-Dec-10 00:00 17 08 22.73 -22 54 28.4 -26.78 -10.59  53.36  -0.30 0.98480570127049  -0.2584012   0.0000 /?   0.0000
 2016-Dec-11 00:00 17 12 46.57 -22 59 39.8 -26.78 -10.59  40.19  -0.43 0.98468266786271  -0.2479991   0.0000 /?   0.0000
 2016-Dec-12 00:00 17 17 10.78 -23 04 23.9 -26.78 -10.59  27.01  -0.56 0.98456545516898  -0.2370402   0.0000 /?   0.0000
 2016-Dec-13 00:00 17 21 35.34 -23 08 40.4 -26.78 -10.59  13.83  -0.68 0.98445434483572  -0.2256627   0.0000 /?   0.0000
 2016-Dec-14 00:00 17 26 00.21 -23 12 29.4 -26.78 -10.59   0.66  -0.81 0.98434952448279  -0.2140514   0.0000 /?   0.0000
 2016-Dec-15 00:00 17 30 25.37 -23 15 50.7 -26.78 -10.59 347.48  -0.94 0.98425106798684  -0.2024108   0.0000 /?   0.0000
 2016-Dec-16 00:00 17 34 50.79 -23 18 44.1 -26.78 -10.59 334.31  -1.07 0.98415893419932  -0.1909303   0.0000 /?   0.0000
 2016-Dec-17 00:00 17 39 16.46 -23 21 09.5 -26.78 -10.59 321.13  -1.19 0.98407298397969  -0.1797575   0.0000 /?   0.0000
 2016-Dec-18 00:00 17 43 42.33 -23 23 07.0 -26.78 -10.59 307.96  -1.32 0.98399300871231  -0.1689858   0.0000 /?   0.0000
 2016-Dec-19 00:00 17 48 08.38 -23 24 36.3 -26.78 -10.59 294.78  -1.44 0.98391876098821  -0.1586587   0.0000 /?   0.0000
 2016-Dec-20 00:00 17 52 34.58 -23 25 37.5 -26.78 -10.59 281.61  -1.57 0.98384998027143  -0.1487819   0.0000 /?   0.0000
 2016-Dec-21 00:00 17 57 00.89 -23 26 10.5 -26.78 -10.59 268.44  -1.70 0.98378641050092  -0.1393376   0.0000 /?   0.0000
 2016-Dec-22 00:00 18 01 27.28 -23 26 15.3 -26.78 -10.59 255.26  -1.82 0.98372781002555  -0.1302965   0.0000 /?   0.0000
 2016-Dec-23 00:00 18 05 53.70 -23 25 51.8 -26.78 -10.59 242.09  -1.94 0.98367395600211  -0.1216250   0.0000 /?   0.0000
 2016-Dec-24 00:00 18 10 20.14 -23 25 00.1 -26.78 -10.59 228.92  -2.07 0.98362464570444  -0.1132885   0.0000 /?   0.0000
 2016-Dec-25 00:00 18 14 46.55 -23 23 40.2 -26.78 -10.59 215.74  -2.19 0.98357969678588  -0.1052522   0.0000 /?   0.0000
 2016-Dec-26 00:00 18 19 12.89 -23 21 52.1 -26.78 -10.59 202.57  -2.31 0.98353894791551  -0.0974792   0.0000 /?   0.0000
 2016-Dec-27 00:00 18 23 39.13 -23 19 35.8 -26.78 -10.59 189.40  -2.44 0.98350226060890  -0.0899280   0.0000 /?   0.0000
 2016-Dec-28 00:00 18 28 05.23 -23 16 51.5 -26.78 -10.59 176.23  -2.56 0.98346952255129  -0.0825505   0.0000 /?   0.0000
 2016-Dec-29 00:00 18 32 31.16 -23 13 39.1 -26.78 -10.59 163.06  -2.68 0.98344065226439  -0.0752891   0.0000 /?   0.0000
 2016-Dec-30 00:00 18 36 56.87 -23 09 58.8 -26.78 -10.59 149.89  -2.80 0.98341560460538  -0.0680769   0.0000 /?   0.0000
 2016-Dec-31 00:00 18 41 22.34 -23 05 50.7 -26.78 -10.59 136.72  -2.91 0.98339437634794  -0.0608372   0.0000 /?   0.0000
 2017-Jan-01 00:00 18 45 47.52 -23 01 15.0 -26.78 -10.59 123.55  -3.03 0.98337701103027  -0.0534864   0.0000 /?   0.0000
$$EOE