 Date__(UT)__HR:MN     R.A._(ICRF/J2000.0)_DEC  APmag  S-brt Ob-lon Ob-lat    S-O-T /r    S-T-O     PlAng
*********************************************************************************************************
 2014-Oct-15 00:00   13 18 56.62 -08 19 47.5 -26.75 -10.59 359.95   5.89   0.0000 /?   0.0000      n.a.
 2014-Oct-15 01:00   13 19 06.01 -08 20 43.2 -26.75 -10.59 359.40   5.89   0.0000 /?   0.0000      n.a.
 2014-Oct-15 02:00   13 19 15.38 -08 21 39.0 -26.75 -10.59 358.85   5.89   0.0000 /?   0.0000      n.a.
 2014-Oct-15 03:00   13 19 24.74 -08 22 34.7 -26.75 -10.59 358.30   5.88   0.0000 /?   0.0000      n.a.
 2014-Oct-15 04:00   13 19 34.08 -08 23 30.5 -26.75 -10.59 357.75   5.88   0.0000 /?   0.0000      n.a.
 2014-Oct-15 05:00   13 19 43.39 -08 24 26.4 -26.75 -10.59 357.21   5.88   0.0000 /?   0.0000      n.a.
 2014-Oct-15 06:00   13 19 52.68 -08 25 22.2 -26.75 -10.59 356.66   5.87   0.0000 /?   0.0000      n.a.
 2014-Oct-15 07:00   13 20 01.94 -08 26 17.9 -26.75 -10.59 356.11   5.87   0.0000 /?   0.0000      n.a.
 2014-Oct-15 08:00   13 20 11.17 -08 27 13.7 -26.75 -10.59 355.56   5.87   0.0000 /?   0.0000      n.a.
 2014-Oct-15 09:00   13 20 20.39 -08 28 09.4 -26.75 -10.59 355.01   5.86   0.0000 /?   0.0000      n.a.
 2014-Oct-15 10:00   13 20 29.59 -08 29 05.0 -26.75 -10.59 354.46   5.86   0.0000 /?   0.0000      n.a.
 2014-Oct-15 11:00   13 20 38.78 -08 30 00.6 -26.75 -10.59 353.91   5.86   0.0000 /?   0.0000      n.a.
 2014-Oct-15 12:00   13 20 47.97 -08 30 56.1 -26.75 -10.59 353.36   5.86   0.0000 /?   0.0000      n.a.
 2014-Oct-15 13:00   13 20 57.16 -08 31 51.5 -26.75 -10.59 352.81   5.85   0.0000 /?   0.0000      n.a.
 2014-Oct-15 14:00   13 21 06.37 -08 32 46.8 -26.75 -10.59 352.26   5.85   0.0000 /?   0.0000      n.a.
 2014-Oct-15 15:00   13 21 15.59 -08 33 42.1 -26.75 -10.59 351.71   5.85   0.0000 /?   0.0000      n.a.
 2014-Oct-15 16:00   13 21 24.84 -08 34 37.3 -26.75 -10.59 351.16   5.84   0.0000 /?   0.0000      n.a.
 2014-Oct-15 17:00   13 21 34.12 -08 35 32.5 -26.75 -10.59 350.61   5.84   0.0000 /?   0.0000      n.a.
 2014-Oct-15 18:00   13 21 43.42 -08 36 27.7 -26.75 -10.59 350.06   5.84   0.0000 /?   0.0000      n.a.
 2014-Oct-15 19:00   13 21 52.76 -08 37 22.9 -26.75 -10.59 349.51   5.83   0.0000 /?   0.0000      n.a.
 2014-Oct-15 20:00   13 22 02.12 -08 38 18.1 -26.75 -10.59 348.96   5.83   0.0000 /?   0.0000      n.a.
 2014-Oct-15 21:00   13 22 11.50 -08 39 13.3 -26.75 -10.59 348.41   5.83   0.0000 /?   0.0000      n.a.
 2014-Oct-15 22:00   13 22 20.90 -08 40 08.6 -26.75 -10.59 347.86   5.82   0.0000 /?   0.0000      n.a.
 2014-Oct-15 23:00   13 22 30.32 -08 41 03.9 -26.75 -10.59 347.31   5.82   0.0000 /?   0.0000      n.a.
 2014-Oct-16 00:00   13 22 39.73 -08 41 59.2 -26.75 -10.59 346.76   5.82   0.0000 /?   0.0000      n.a.
 2014-Oct-16 01:00   13 22 49.14 -08 42 54.6 -26.75 -10.59 346.21   5.81   0.0000 /?   0.0000      n.a.
 2014-Oct-16 02:00   13 22 58.54 -08 43 50.1 -26.75 -10.59 345.66   5.81   0.0000 /?   0.0000      n.a.
 2014-Oct-16 03:00   13 23 07.93 -08 44 45.6 -26.75 -10.59 345.11   5.81   0.0000 /?   0.0000      n.a.
 2014-Oct-16 04:00   13 23 17.29 -08 45 41.1 -26.75 -10.59 344.56   5.81   0.0000 /?   0.0000      n.a.
 2014-Oct-16 05:00   13 23 26.63 -08 46 36.6 -26.75 -10.59 344.01   5.80   0.0000 /?   0.0000      n.a.
 2014-Oct-16 06:00   13 23 35.94 -08 47 32.1 -26.75 -10.59 343.46   5.80   0.0000 /?   0.0000      n.a.
 2014-Oct-16 07:00   13 23 45.22 -08 48 27.6 -26.75 -10.59 342.91   5.80   0.0000 /?   0.0000      n.a.
 2014-Oct-16 08:00   13 23 54.48 -08 49 23.1 -26.75 -10.59 342.37   5.79   0.0000 /?   0.0000      n.a.
 2014-Oct-16 09:00   13 24 03.72 -08 50 18.5 -26.75 -10.59 341.82   5.79   0.0000 /?   0.0000      n.a.
 2014-Oct-16 10:00   13 24 12.94 -08 51 13.8 -26.75 -10.59 341.27   5.79   0.0000 /?   0.0000      n.a.
 2014-Oct-16 11:00   13 24 22.16 -08 52 09.1 -26.75 -10.59 340.72   5.78   0.0000 /?   0.0000      n.a.
 2014-Oct-16 12:00   13 24 31.37 -08 53 04.2 -26.75 -10.59 340.17   5.78   0.0000 /?   0.0000      n.a.
 2014-Oct-16 13:00   13 24 40.59 -08 53 59.3 -26.75 -10.59 339.62   5.78   0.0000 /?   0.0000      n.a.
 2014-Oct-16 14:00   13 24 49.82 -08 54 54.4 -26.75 -10.59 339.07   5.78   0.0000 /?   0.0000      n.a.
 2014-Oct-16 15:00   13 24 59.07 -08 55 49.4 -26.75 -10.59 338.52   5.77   0.0000 /?   0.0000      n.a.
 2014-Oct-16 16:00   13 25 08.34 -08 56 44.3 -26.75 -10.59 337.97   5.77   0.0000 /?   0.0000      n.a.
 2014-Oct-16 17:00   13 25 17.64 -08 57 39.2 -26.75 -10.59 337.42   5.77   0.0000 /?   0.0000      n.a.
 2014-Oct-16 18:00   13 25 26.97 -08 58 34.0 -26.75 -10.59 336.87   5.76   0.0000 /?   0.0000      n.a.
 2014-Oct-16 19:00   13 25 36.33 -08 59 28.9 -26.75 -10.59 336.32   5.76   0.0000 /?   0.0000      n.a.
 2014-Oct-16 20:00   13 25 45.72 -09 00 23.7 -26.75 -10.59 335.77   5.76   0.0000 /?   0.0000      n.a.
 2014-Oct-16 21:00   13 25 55.13 -09 01 18.6 -26.75 -10.59 335.22   5.75   0.0000 /?   0.0000      n.a.
 2014-Oct-16 22:00   13 26 04.55 -09 02 13.6 -26.75 -10.59 334.67   5.75   0.0000 /?   0.0000      n.a.
 2014-Oct-16 23:00   13 26 13.99 -09 03 08.6 -26.75 -10.59 334.12   5.75   0.0000 /?   0.0000      n.a.
 2014-Oct-17 00:00   13 26 23.43 -09 04 03.6 -26.75 -10.59 333.57   5.74   0.0000 /?   0.0000      n.a.
 2014-Oct-17 01:00   13 26 32.87 -09 04 58.7 -26.75 -10.59 333.02   5.74   0.0000 /?   0.0000      n.a.
 2014-Oct-17 02:00   13 26 42.29 -09 05 53.9 -26.75 -10.59 332.47   5.74   0.0000 /?   0.0000      n.a.
 2014-Oct-17 03:00   13 26 51.70 -09 06 49.0 -26.75 -10.59 331.92   5.73   0.0000 /?   0.0000      n.a.
 2014-Oct-17 04:00   13 27 01.09 -09 07 44.2 -26.75 -10.59 331.37   5.73   0.0000 /?   0.0000      n.a.
 2014-Oct-17 05:00   13 27 10.45 -09 08 39.5 -26.75 -10.59 330.82   5.73   0.0000 /?   0.0000      n.a.
 2014-Oct-17 06:00   13 27 19.78 -09 09 34.7 -26.75 -10.59 330.27   5.72   0.0000 /?   0.0000      n.a.
 2014-Oct-17 07:00   13 27 29.09 -09 10 29.9 -26.75 -10.59 329.72   5.72   0.0000 /?   0.0000      n.a.
 2014-Oct-17 08:00   13 27 38.38 -09 11 25.0 -26.75 -10.59 329.17   5.72   0.0000 /?   0.0000      n.a.
 2014-Oct-17 09:00   13 27 47.64 -09 12 20.1 -26.75 -10.59 328.62   5.71   0.0000 /?   0.0000      n.a.
 2014-Oct-17 10:00   13 27 56.89 -09 13 15.1 -26.75 -10.59 328.07   5.71   0.0000 /?   0.0000      n.a.
 2014-Oct-17 11:00   13 28 06.12 -09 14 10.0 -26.75 -10.59 327.52   5.71   0.0000 /?   0.0000      n.a.
 2014-Oct-17 12:00   13 28 15.36 -09 15 04.9 -26.75 -10.59 326.97   5.70   0.0000 /?   0.0000      n.a.
 2014-Oct-17 13:00   13 28 24.61 -09 15 59.7 -26.75 -10.59 326.42   5.70   0.0000 /?   0.0000      n.a.
 2014-Oct-17 14:00   13 28 33.86 -09 16 54.4 -26.75 -10.59 325.87   5.70   0.0000 /?   0.0000      n.a.
 2014-Oct-17 15:00   13 28 43.14 -09 17 49.0 -26.75 -10.59 325.33   5.70   0.0000 /?   0.0000      n.a.
 2014-Oct-17 16:00   13 28 52.44 -09 18 43.6 -26.75 -10.59 324.78   5.69   0.0000 /?   0.0000      n.a.
 2014-Oct-17 17:00   13 29 01.76 -09 19 38.2 -26.75 -10.59 324.23   5.69   0.0000 /?   0.0000      n.a.
 2014-Oct-17 18:00   13 29 11.12 -09 20 32.7 -26.75 -10.59 323.68   5.69   0.0000 /?   0.0000      n.a.
 2014-Oct-17 19:00   13 29 20.50 -09 21 27.2 -26.75 -10.59 323.13   5.68   0.0000 /?   0.0000      n.a.
 2014-Oct-17 20:00   13 29 29.91 -09 22 21.8 -26.75 -10.59 322.58   5.68   0.0000 /?   0.0000      n.a.
 2014-Oct-17 21:00   13 29 39.35 -09 23 16.3 -26.75 -10.59 322.03   5.68   0.0000 /?   0.0000      n.a.
 2014-Oct-17 22:00   13 29 48.80 -09 24 10.9 -26.75 -10.59 321.48   5.67   0.0000 /?   0.0000      n.a.
 2014-Oct-17 23:00   13 29 58.26 -09 25 05.6 -26.75 -10.59 320.93   5.67   0.0000 /?   0.0000      n.a.
 2014-Oct-18 00:00   13 30 07.73 -09 26 00.3 -26.75 -10.59 320.38   5.66   0.0000 /?   0.0000      n.a.
 2014-Oct-18 01:00   13 30 17.19 -09 26 55.1 -26.75 -10.59 319.83   5.66   0.0000 /?   0.0000      n.a.
 2014-Oct-18 02:00   13 30 26.64 -09 27 49.9 -26.75 -10.59 319.28   5.66   0.0000 /?   0.0000      n.a.
 2014-Oct-18 03:00   13 30 36.08 -09 28 44.8 -26.75 -10.59 318.73   5.65   0.0000 /?   0.0000      n.a.
 2014-Oct-18 04:00   13 30 45.49 -09 29 39.6 -26.75 -10.59 318.18   5.65   0.0000 /?   0.0000      n.a.
 2014-Oct-18 05:00   13 30 54.87 -09 30 34.5 -26.75 -10.59 317.63   5.65   0.0000 /?   0.0000      n.a.
 2014-Oct-18 06:00   13 31 04.23 -09 31 29.4 -26.75 -10.59 317.08   5.64   0.0000 /?   0.0000      n.a.
 2014-Oct-18 07:00   13 31 13.57 -09 32 24.3 -26.75 -10.59 316.53   5.64   0.0000 /?   0.0000      n.a.
 2014-Oct-18 08:00   13 31 22.88 -09 33 19.1 -26.75 -10.59 315.98   5.64   0.0000 /?   0.0000      n.a.
 2014-Oct-18 09:00   13 31 32.17 -09 34 13.9 -26.75 -10.59 315.43   5.64   0.0000 /?   0.0000      n.a.
 2014-Oct-18 10:00   13 31 41.44 -09 35 08.5 -26.75 -10.59 314.88   5.63   0.0000 /?   0.0000      n.a.
 2014-Oct-18 11:00   13 31 50.70 -09 36 03.2 -26.75 -10.59 314.33   5.63   0.0000 /?   0.0000      n.a.
 2014-Oct-18 12:00   13 31 59.97 -09 36 57.7 -26.75 -10.59 313.78   5.63   0.0000 /?   0.0000      n.a.
 2014-Oct-18 13:00   13 32 09.24 -09 37 52.1 -26.75 -10.59 313.23   5.62   0.0000 /?   0.0000      n.a.
 2014-Oct-18 14:00   13 32 18.52 -09 38 46.5 -26.75 -10.59 312.68   5.62   0.0000 /?   0.0000      n.a.
 2014-Oct-18 15:00   13 32 27.82 -09 39 40.8 -26.75 -10.59 312.14   5.62   0.0000 /?   0.0000      n.a.
 2014-Oct-18 16:00   13 32 37.14 -09 40 35.0 -26.75 -10.59 311.59   5.61   0.0000 /?   0.0000      n.a.
 2014-Oct-18 17:00   13 32 46.50 -09 41 29.2 -26.75 -10.59 311.04   5.61   0.0000 /?   0.0000      n.a.
 2014-Oct-18 18:00   13 32 55.88 -09 42 23.4 -26.75 -10.59 310.49   5.61   0.0000 /?   0.0000      n.a.
 2014-Oct-18 19:00   13 33 05.29 -09 43 17.6 -26.75 -10.59 309.94   5.60   0.0000 /?   0.0000      n.a.
 2014-Oct-18 20:00   13 33 14.73 -09 44 11.8 -26.75 -10.59 309.39   5.60   0.0000 /?   0.0000      n.a.
 2014-Oct-18 21:00   13 33 24.19 -09 45 06.0 -26.75 -10.59 308.84   5.60   0.0000 /?   0.0000      n.a.
 2014-Oct-18 22:00   13 33 33.66 -09 46 00.2 -26.75 -10.59 308.29   5.59   0.0000 /?   0.0000      n.a.
 2014-Oct-18 23:00   13 33 43.15 -09 46 54.5 -26.75 -10.59 307.74   5.59   0.0000 /?   0.0000      n.a.
 2014-Oct-19 00:00   13 33 52.64 -09 47 48.9 -26.75 -10.59 307.19   5.59   0.0000 /?   0.0000      n.a.
 2014-Oct-19 01:00   13 34 02.13 -09 48 43.3 -26.75 -10.59 306.64   5.58   0.0000 /?   0.0000      n.a.
 2014-Oct-19 02:00   13 34 11.61 -09 49 37.8 -26.75 -10.59 306.09   5.58   0.0000 /?   0.0000      n.a.
 2014-Oct-19 03:00   13 34 21.07 -09 50 32.3 -26.75 -10.59 305.54   5.57   0.0000 /?   0.0000      n.a.
 2014-Oct-19 04:00   13 34 30.51 -09 51 26.9 -26.75 -10.59 304.99   5.57   0.0000 /?   0.0000      n.a.
 2014-Oct-19 05:00   13 34 39.92 -09 52 21.4 -26.75 -10.59 304.44   5.57   0.0000 /?   0.0000      n.a.
 2014-Oct-19 06:00   13 34 49.31 -09 53 16.0 -26.75 -10.59 303.89   5.56   0.0000 /?   0.0000      n.a.
 2014-Oct-19 07:00   13 34 58.67 -09 54 10.5 -26.75 -10.59 303.34   5.56   0.0000 /?   0.0000      n.a.
 2014-Oct-19 08:00   13 35 08.00 -09 55 05.0 -26.75 -10.59 302.79   5.56   0.0000 /?   0.0000      n.a.
 2014-Oct-19 09:00   13 35 17.32 -09 55 59.4 -26.75 -10.59 302.24   5.56   0.0000 /?   0.0000      n.a.
 2014-Oct-19 10:00   13 35 26.62 -09 56 53.7 -26.75 -10.59 301.70   5.55   0.0000 /?   0.0000      n.a.
 2014-Oct-19 11:00   13 35 35.91 -09 57 48.0 -26.75 -10.59 301.15   5.55   0.0000 /?   0.0000      n.a.
 2014-Oct-19 12:00   13 35 45.20 -09 58 42.2 -26.75 -10.59 300.60   5.55   0.0000 /?   0.0000      n.a.
 2014-Oct-19 13:00   13 35 54.49 -09 59 36.2 -26.75 -10.59 300.05   5.54   0.0000 /?   0.0000      n.a.
 2014-Oct-19 14:00   13 36 03.80 -10 00 30.3 -26.75 -10.59 299.50   5.54   0.0000 /?   0.0000      n.a.
 2014-Oct-19 15:00   13 36 13.13 -10 01 24.2 -26.75 -10.59 298.95   5.54   0.0000 /?   0.0000      n.a.
 2014-Oct-19 16:00   13 36 22.48 -10 02 18.1 -26.75 -10.59 298.40   5.53   0.0000 /?   0.0000      n.a.
 2014-Oct-19 17:00   13 36 31.86 -10 03 11.9 -26.75 -10.59 297.85   5.53   0.0000 /?   0.0000      n.a.
 2014-Oct-19 18:00   13 36 41.27 -10 04 05.7 -26.75 -10.59 297.30   5.53   0.0000 /?   0.0000      n.a.
 2014-Oct-19 19:00   13 36 50.70 -10 04 59.5 -26.75 -10.59 296.75   5.52   0.0000 /?   0.0000      n.a.
 2014-Oct-19 20:00   13 37 00.17 -10 05 53.3 -26.75 -10.59 296.20   5.52   0.0000 /?   0.0000      n.a.
 2014-Oct-19 21:00   13 37 09.65 -10 06 47.2 -26.75 -10.59 295.65   5.51   0.0000 /?   0.0000      n.a.
 2014-Oct-19 22:00   13 37 19.16 -10 07 41.1 -26.75 -10.59 295.10   5.51   0.0000 /?   0.0000      n.a.
 2014-Oct-19 23:00   13 37 28.67 -10 08 35.0 -26.75 -10.59 294.55   5.51   0.0000 /?   0.0000      n.a.
 2014-Oct-20 00:00   13 37 38.19 -10 09 29.0 -26.75 -10.59 294.00   5.50   0.0000 /?   0.0000      n.a.
 2014-Oct-20 01:00   13 37 47.71 -10 10 23.1 -26.75 -10.59 293.45   5.50   0.0000 /?   0.0000      n.a.
 2014-Oct-20 02:00   13 37 57.21 -10 11 17.2 -26.75 -10.59 292.90   5.50   0.0000 /?   0.0000      n.a.
 2014-Oct-20 03:00   13 38 06.70 -10 12 11.4 -26.75 -10.59 292.35   5.49   0.0000 /?   0.0000      n.a.
 2014-Oct-20 04:00   13 38 16.16 -10 13 05.6 -26.75 -10.59 291.80   5.49   0.0000 /?   0.0000      n.a.
 2014-Oct-20 05:00   13 38 25.60 -10 13 59.8 -26.75 -10.59 291.25   5.49   0.0000 /?   0.0000      n.a.
 2014-Oct-20 06:00   13 38 35.02 -10 14 54.0 -26.75 -10.59 290.70   5.48   0.0000 /?   0.0000      n.a.
 2014-Oct-20 07:00   13 38 44.40 -10 15 48.1 -26.75 -10.59 290.16   5.48   0.0000 /?   0.0000      n.a.
 2014-Oct-20 08:00   13 38 53.76 -10 16 42.2 -26.75 -10.59 289.61   5.48   0.0000 /?   0.0000      n.a.
 2014-Oct-20 09:00   13 39 03.11 -10 17 36.3 -26.75 -10.59 289.06   5.47   0.0000 /?   0.0000      n.a.
 2014-Oct-20 10:00   13 39 12.43 -10 18 30.3 -26.75 -10.59 288.51   5.47   0.0000 /?   0.0000      n.a.
 2014-Oct-20 11:00   13 39 21.75 -10 19 24.2 -26.75 -10.59 287.96   5.47   0.0000 /?   0.0000      n.a.
 2014-Oct-20 12:00   13 39 31.07 -10 20 18.0 -26.75 -10.59 287.41   5.46   0.0000 /?   0.0000      n.a.
 2014-Oct-20 13:00   13 39 40.39 -10 21 11.7 -26.75 -10.59 286.86   5.46   0.0000 /?   0.0000      n.a.
 2014-Oct-20 14:00   13 39 49.72 -10 22 05.3 -26.75 -10.59 286.31   5.46   0.0000 /?   0.0000      n.a.
 2014-Oct-20 15:00   13 39 59.08 -10 22 58.9 -26.75 -10.59 285.76   5.45   0.0000 /?   0.0000      n.a.
 2014-Oct-20 16:00   13 40 08.46 -10 23 52.3 -26.75 -10.59 285.21   5.45   0.0000 /?   0.0000      n.a.
 2014-Oct-20 17:00   13 40 17.86 -10 24 45.8 -26.75 -10.59 284.66   5.45   0.0000 /?   0.0000      n.a.
 2014-Oct-20 18:00   13 40 27.30 -10 25 39.2 -26.75 -10.59 284.11   5.44   0.0000 /?   0.0000      n.a.
 2014-Oct-20 19:00   13 40 36.76 -10 26 32.6 -26.75 -10.59 283.56   5.44   0.0000 /?   0.0000      n.a.
 2014-Oct-20 20:00   13 40 46.25 -10 27 26.1 -26.75 -10.59 283.01   5.44   0.0000 /?   0.0000      n.a.
 2014-Oct-20 21:00   13 40 55.77 -10 28 19.5 -26.75 -10.59 282.46   5.43   0.0000 /?   0.0000      n.a.
 2014-Oct-20 22:00   13 41 05.30 -10 29 13.1 -26.75 -10.59 281.91   5.43   0.0000 /?   0.0000      n.a.
 2014-Oct-20 23:00   13 41 14.84 -10 30 06.6 -26.75 -10.59 281.36   5.42   0.0000 /?   0.0000      n.a.
 2014-Oct-21 00:00   13 41 24.39 -10 31 00.3 -26.75 -10.59 280.81   5.42   0.0000 /?   0.0000      n.a.
 2014-Oct-21 01:00   13 41 33.93 -10 31 54.0 -26.75 -10.59 280.26   5.42   0.0000 /?   0.0000      n.a.
 2014-Oct-21 02:00   13 41 43.46 -10 32 47.7 -26.75 -10.59 279.71   5.41   0.0000 /?   0.0000      n.a.
 2014-Oct-21 03:00   13 41 52.98 -10 33 41.5 -26.75 -10.59 279.16   5.41   0.0000 /?   0.0000      n.a.
 2014-Oct-21 04:00   13 42 02.47 -10 34 35.3 -26.75 -10.59 278.61   5.41   0.0000 /?   0.0000      n.a.
 2014-Oct-21 05:00   13 42 11.94 -10 35 29.1 -26.75 -10.59 278.07   5.40   0.0000 /?   0.0000      n.a.
 2014-Oct-21 06:00   13 42 21.38 -10 36 23.0 -26.75 -10.59 277.52   5.40   0.0000 /?   0.0000      n.a.
 2014-Oct-21 07:00   13 42 30.79 -10 37 16.7 -26.75 -10.59 276.97   5.40   0.0000 /?   0.0000      n.a.
 2014-Oct-21 08:00   13 42 40.18 -10 38 10.5 -26.75 -10.59 276.42   5.39   0.0000 /?   0.0000      n.a.
 2014-Oct-21 09:00   13 42 49.55 -10 39 04.2 -26.75 -10.59 275.87   5.39   0.0000 /?   0.0000      n.a.
 2014-Oct-21 10:00   13 42 58.90 -10 39 57.8 -26.75 -10.59 275.32   5.39   0.0000 /?   0.0000      n.a.
 2014-Oct-21 11:00   13 43 08.25 -10 40 51.3 -26.75 -10.59 274.77   5.38   0.0000 /?   0.0000      n.a.
 2014-Oct-21 12:00   13 43 17.59 -10 41 44.7 -26.75 -10.59 274.22   5.38   0.0000 /?   0.0000      n.a.
 2014-Oct-21 13:00   13 43 26.94 -10 42 38.0 -26.75 -10.59 273.67   5.38   0.0000 /?   0.0000      n.a.
 2014-Oct-21 14:00   13 43 36.30 -10 43 31.2 -26.75 -10.59 273.12   5.37   0.0000 /?   0.0000      n.a.
 2014-Oct-21 15:00   13 43 45.68 -10 44 24.4 -26.75 -10.59 272.57   5.37   0.0000 /?   0.0000      n.a.
 2014-Oct-21 16:00   13 43 55.09 -10 45 17.5 -26.75 -10.59 272.02   5.37   0.0000 /?   0.0000      n.a.
 2014-Oct-21 17:00   13 44 04.52 -10 46 10.5 -26.75 -10.59 271.47   5.36   0.0000 /?   0.0000      n.a.
 2014-Oct-21 18:00   13 44 13.99 -10 47 03.6 -26.75 -10.59 270.92   5.36   0.0000 /?   0.0000      n.a.
 2014-Oct-21 19:00   13 44 23.48 -10 47 56.6 -26.75 -10.59 270.37   5.36   0.0000 /?   0.0000      n.a.
 2014-Oct-21 20:00   13 44 33.00 -10 48 49.6 -26.75 -10.59 269.82   5.35   0.0000 /?   0.0000      n.a.
 2014-Oct-21 21:00   13 44 42.54 -10 49 42.7 -26.75 -10.59 269.27   5.35   0.0000 /?   0.0000      n.a.
 2014-Oct-21 22:00   13 44 52.10 -10 50 35.8 -26.75 -10.59 268.72   5.34   0.0000 /?   0.0000      n.a.
 2014-Oct-21 23:00   13 45 01.67 -10 51 29.0 -26.75 -10.59 268.17   5.34   0.0000 /?   0.0000      n.a.
 2014-Oct-22 00:00   13 45 11.24 -10 52 22.2 -26.75 -10.59 267.62   5.34   0.0000 /?   0.0000      n.a.
 2014-Oct-22 01:00   13 45 20.81 -10 53 15.5 -26.75 -10.59 267.07   5.33   0.0000 /?   0.0000      n.a.
 2014-Oct-22 02:00   13 45 30.37 -10 54 08.9 -26.75 -10.59 266.52   5.33   0.0000 /?   0.0000      n.a.
 2014-Oct-22 03:00   13 45 39.92 -10 55 02.3 -26.75 -10.59 265.98   5.33   0.0000 /?   0.0000      n.a.
 2014-Oct-22 04:00   13 45 49.44 -10 55 55.7 -26.75 -10.59 265.43   5.32   0.0000 /?   0.0000      n.a.
 2014-Oct-22 05:00   13 45 58.93 -10 56 49.1 -26.75 -10.59 264.88   5.32   0.0000 /?   0.0000      n.a.
 2014-Oct-22 06:00   13 46 08.40 -10 57 42.6 -26.75 -10.59 264.33   5.32   0.0000 /?   0.0000      n.a.
 2014-Oct-22 07:00   13 46 17.84 -10 58 36.0 -26.75 -10.59 263.78   5.31   0.0000 /?   0.0000      n.a.
 2014-Oct-22 08:00   13 46 27.26 -10 59 29.3 -26.75 -10.59 263.23   5.31   0.0000 /?   0.0000      n.a.
 2014-Oct-22 09:00   13 46 36.65 -11 00 22.6 -26.75 -10.59 262.68   5.30   0.0000 /?   0.0000      n.a.
 2014-Oct-22 10:00   13 46 46.04 -11 01 15.8 -26.75 -10.59 262.13   5.30   0.0000 /?   0.0000      n.a.
 2014-Oct-22 11:00   13 46 55.41 -11 02 08.9 -26.75 -10.59 261.58   5.30   0.0000 /?   0.0000      n.a.
 2014-Oct-22 12:00   13 47 04.78 -11 03 01.9 -26.75 -10.59 261.03   5.29   0.0000 /?   0.0000      n.a.
 2014-Oct-22 13:00   13 47 14.16 -11 03 54.8 -26.75 -10.59 260.48   5.29   0.0000 /?   0.0000      n.a.
 2014-Oct-22 14:00   13 47 23.55 -11 04 47.7 -26.75 -10.59 259.93   5.29   0.0000 /?   0.0000      n.a.
 2014-Oct-22 15:00   13 47 32.96 -11 05 40.4 -26.75 -10.59 259.38   5.28   0.0000 /?   0.0000      n.a.
 2014-Oct-22 16:00   13 47 42.39 -11 06 33.1 -26.75 -10.59 258.83   5.28   0.0000 /?   0.0000      n.a.
 2014-Oct-22 17:00   13 47 51.85 -11 07 25.7 -26.75 -10.59 258.28   5.28   0.0000 /?   0.0000      n.a.
 2014-Oct-22 18:00   13 48 01.35 -11 08 18.3 -26.75 -10.59 257.73   5.27   0.0000 /?   0.0000      n.a.
 2014-Oct-22 19:00   13 48 10.87 -11 09 10.9 -26.75 -10.59 257.18   5.27   0.0000 /?   0.0000      n.a.
 2014-Oct-22 20:00   13 48 20.41 -11 10 03.5 -26.75 -10.59 256.63   5.27   0.0000 /?   0.0000      n.a.
 2014-Oct-22 21:00   13 48 29.98 -11 10 56.2 -26.75 -10.59 256.08   5.26   0.0000 /?   0.0000      n.a.
 2014-Oct-22 22:00   13 48 39.57 -11 11 48.9 -26.75 -10.59 255.53   5.26   0.0000 /?   0.0000      n.a.
 2014-Oct-22 23:00   13 48 49.17 -11 12 41.7 -26.75 -10.59 254.98   5.25   0.0000 /?   0.0000      n.a.
 2014-Oct-23 00:00   13 48 58.77 -11 13 34.5 -26.75 -10.59 254.43   5.25   0.0000 /?   0.0000      n.a.
 2014-Oct-23 01:00   13 49 08.37 -11 14 27.4 -26.75 -10.59 253.88   5.25   0.0000 /?   0.0000      n.a.
 2014-Oct-23 02:00   13 49 17.96 -11 15 20.3 -26.75 -10.59 253.34   5.24   0.0000 /?   0.0000      n.a.
 2014-Oct-23 03:00   13 49 27.53 -11 16 13.3 -26.75 -10.59 252.79   5.24   0.0000 /?   0.0000      n.a.
 2014-Oct-23 04:00   13 49 37.08 -11 17 06.3 -26.75 -10.59 252.24   5.24   0.0000 /?   0.0000      n.a.
 2014-Oct-23 05:00   13 49 46.60 -11 17 59.4 -26.75 -10.59 251.69   5.23   0.0000 /?   0.0000      n.a.
 2014-Oct-23 06:00   13 49 56.10 -11 18 52.4 -26.75 -10.59 251.14   5.23   0.0000 /?   0.0000      n.a.
 2014-Oct-23 07:00   13 50 05.57 -11 19 45.4 -26.75 -10.59 250.59   5.22   0.0000 /?   0.0000      n.a.
 2014-Oct-23 08:00   13 50 15.02 -11 20 38.3 -26.75 -10.59 250.04   5.22   0.0000 /?   0.0000      n.a.
 2014-Oct-23 09:00   13 50 24.44 -11 21 31.2 -26.75 -10.59 249.49   5.22   0.0000 /?   0.0000      n.a.
 2014-Oct-23 10:00   13 50 33.85 -11 22 24.0 -26.75 -10.59 248.94   5.21   0.0000 /?   0.0000      n.a.
 2014-Oct-23 11:00   13 50 43.25 -11 23 16.7 -26.75 -10.59 248.39   5.21   0.0000 /?   0.0000      n.a.
 2014-Oct-23 12:00   13 50 52.65 -11 24 09.3 -26.75 -10.59 247.84   5.21   0.0000 /?   0.0000      n.a.
 2014-Oct-23 13:00   13 51 02.06 -11 25 01.7 -26.75 -10.59 247.29   5.20   0.0000 /?   0.0000      n.a.
 2014-Oct-23 14:00   13 51 11.47 -11 25 54.1 -26.75 -10.59 246.74   5.20   0.0000 /?   0.0000      n.a.
 2014-Oct-23 15:00   13 51 20.91 -11 26 46.5 -26.75 -10.59 246.19   5.20   0.0000 /?   0.0000      n.a.
 2014-Oct-23 16:00   13 51 30.38 -11 27 38.7 -26.75 -10.59 245.64   5.19   0.0000 /?   0.0000      n.a.
 2014-Oct-23 17:00   13 51 39.87 -11 28 30.9 -26.75 -10.59 245.09   5.19   0.0000 /?   0.0000      n.a.
 2014-Oct-23 18:00   13 51 49.39 -11 29 23.1 -26.75 -10.59 244.54   5.19   0.0000 /?   0.0000      n.a.
 2014-Oct-23 19:00   13 51 58.94 -11 30 15.2 -26.75 -10.59 243.99   5.18   0.0000 /?   0.0000      n.a.
 2014-Oct-23 20:00   13 52 08.51 -11 31 07.4 -26.75 -10.59 243.44   5.18   0.0000 /?   0.0000      n.a.
 2014-Oct-23 21:00   13 52 18.11 -11 31 59.7 -26.75 -10.59 242.89   5.17   0.0000 /?   0.0000      n.a.
 2014-Oct-23 22:00   13 52 27.73 -11 32 51.9 -26.75 -10.59 242.34   5.17   0.0000 /?   0.0000      n.a.
 2014-Oct-23 23:00   13 52 37.36 -11 33 44.3 -26.75 -10.59 241.79   5.17   0.0000 /?   0.0000      n.a.
 2014-Oct-24 00:00   13 52 46.99 -11 34 36.7 -26.75 -10.59 241.25   5.16   0.0000 /?   0.0000      n.a.
 2014-Oct-24 01:00   13 52 56.62 -11 35 29.1 -26.75 -10.59 240.70   5.16   0.0000 /?   0.0000      n.a.
 2014-Oct-24 02:00   13 53 06.23 -11 36 21.6 -26.75 -10.59 240.15   5.16   0.0000 /?   0.0000      n.a.
 2014-Oct-24 03:00   13 53 15.83 -11 37 14.2 -26.75 -10.59 239.60   5.15   0.0000 /?   0.0000      n.a.
 2014-Oct-24 04:00   13 53 25.41 -11 38 06.8 -26.75 -10.59 239.05   5.15   0.0000 /?   0.0000      n.a.
 2014-Oct-24 05:00   13 53 34.96 -11 38 59.4 -26.75 -10.59 238.50   5.14   0.0000 /?   0.0000      n.a.
 2014-Oct-24 06:00   13 53 44.49 -11 39 52.0 -26.75 -10.59 237.95   5.14   0.0000 /?   0.0000      n.a.
 2014-Oct-24 07:00   13 53 53.99 -11 40 44.6 -26.75 -10.59 237.40   5.14   0.0000 /?   0.0000      n.a.
 2014-Oct-24 08:00   13 54 03.46 -11 41 37.1 -26.75 -10.59 236.85   5.13   0.0000 /?   0.0000      n.a.
 2014-Oct-24 09:00   13 54 12.91 -11 42 29.5 -26.75 -10.59 236.30   5.13   0.0000 /?   0.0000      n.a.
 2014-Oct-24 10:00   13 54 22.35 -11 43 21.9 -26.75 -10.59 235.75   5.13   0.0000 /?   0.0000      n.a.
 2014-Oct-24 11:00   13 54 31.78 -11 44 14.1 -26.75 -10.59 235.20   5.12   0.0000 /?   0.0000      n.a.
 2014-Oct-24 12:00   13 54 41.21 -11 45 06.3 -26.75 -10.59 234.65   5.12   0.0000 /?   0.0000      n.a.
 2014-Oct-24 13:00   13 54 50.65 -11 45 58.3 -26.75 -10.59 234.10   5.12   0.0000 /?   0.0000      n.a.
 2014-Oct-24 14:00   13 55 00.09 -11 46 50.3 -26.75 -10.59 233.55   5.11   0.0000 /?   0.0000      n.a.
 2014-Oct-24 15:00   13 55 09.56 -11 47 42.2 -26.75 -10.59 233.00   5.11   0.0000 /?   0.0000      n.a.
 2014-Oct-24 16:00   13 55 19.05 -11 48 34.0 -26.75 -10.59 232.45   5.10   0.0000 /?   0.0000      n.a.
 2014-Oct-24 17:00   13 55 28.57 -11 49 25.7 -26.75 -10.59 231.90   5.10   0.0000 /?   0.0000      n.a.
 2014-Oct-24 18:00   13 55 38.12 -11 50 17.4 -26.75 -10.59 231.35   5.10   0.0000 /?   0.0000      n.a.
 2014-Oct-24 19:00   13 55 47.70 -11 51 09.2 -26.75 -10.59 230.80   5.09   0.0000 /?   0.0000      n.a.
 2014-Oct-24 20:00   13 55 57.31 -11 52 00.9 -26.75 -10.59 230.25   5.09   0.0000 /?   0.0000      n.a.
 2014-Oct-24 21:00   13 56 06.93 -11 52 52.7 -26.75 -10.59 229.70   5.09   0.0000 /?   0.0000      n.a.
 2014-Oct-24 22:00   13 56 16.58 -11 53 44.5 -26.75 -10.59 229.16   5.08   0.0000 /?   0.0000      n.a.
 2014-Oct-24 23:00   13 56 26.24 -11 54 36.4 -26.75 -10.59 228.61   5.08   0.0000 /?   0.0000      n.a.
 2014-Oct-25 00:00   13 56 35.90 -11 55 28.3 -26.75 -10.59 228.06   5.07   0.0000 /?   0.0000      n.a.
 2014-Oct-25 01:00   13 56 45.56 -11 56 20.3 -26.75 -10.59 227.51   5.07   0.0000 /?   0.0000      n.a.
 2014-Oct-25 02:00   13 56 55.20 -11 57 12.4 -26.75 -10.59 226.96   5.07   0.0000 /?   0.0000      n.a.
 2014-Oct-25 03:00   13 57 04.83 -11 58 04.6 -26.75 -10.59 226.41   5.06   0.0000 /?   0.0000      n.a.
 2014-Oct-25 04:00   13 57 14.44 -11 58 56.7 -26.75 -10.59 225.86   5.06   0.0000 /?   0.0000      n.a.
 2014-Oct-25 05:00   13 57 24.02 -11 59 48.9 -26.75 -10.59 225.31   5.05   0.0000 /?   0.0000      n.a.
 2014-Oct-25 06:00   13 57 33.58 -12 00 41.0 -26.75 -10.59 224.76   5.05   0.0000 /?   0.0000      n.a.
 2014-Oct-25 07:00   13 57 43.10 -12 01 33.2 -26.75 -10.59 224.21   5.05   0.0000 /?   0.0000      n.a.
 2014-Oct-25 08:00   13 57 52.61 -12 02 25.2 -26.75 -10.59 223.66   5.04   0.0000 /?   0.0000      n.a.
 2014-Oct-25 09:00   13 58 02.09 -12 03 17.2 -26.75 -10.59 223.11   5.04   0.0000 /?   0.0000      n.a.
 2014-Oct-25 10:00   13 58 11.56 -12 04 09.1 -26.75 -10.59 222.56   5.04   0.0000 /?   0.0000      n.a.
 2014-Oct-25 11:00   13 58 21.02 -12 05 00.9 -26.75 -10.59 222.01   5.03   0.0000 /?   0.0000      n.a.
 2014-Oct-25 12:00   13 58 30.47 -12 05 52.6 -26.75 -10.59 221.46   5.03   0.0000 /?   0.0000      n.a.
 2014-Oct-25 13:00   13 58 39.94 -12 06 44.2 -26.75 -10.59 220.91   5.03   0.0000 /?   0.0000      n.a.
 2014-Oct-25 14:00   13 58 49.41 -12 07 35.7 -26.75 -10.59 220.36   5.02   0.0000 /?   0.0000      n.a.
 2014-Oct-25 15:00   13 58 58.91 -12 08 27.1 -26.75 -10.59 219.81   5.02   0.0000 /?   0.0000      n.a.
 2014-Oct-25 16:00   13 59 08.43 -12 09 18.4 -26.75 -10.59 219.26   5.01   0.0000 /?   0.0000      n.a.
 2014-Oct-25 17:00   13 59 17.98 -12 10 09.7 -26.75 -10.59 218.71   5.01   0.0000 /?   0.0000      n.a.
 2014-Oct-25 18:00   13 59 27.56 -12 11 01.0 -26.75 -10.59 218.17   5.01   0.0000 /?   0.0000      n.a.
 2014-Oct-25 19:00   13 59 37.17 -12 11 52.2 -26.75 -10.59 217.62   5.00   0.0000 /?   0.0000      n.a.
 2014-Oct-25 20:00   13 59 46.80 -12 12 43.5 -26.75 -10.59 217.07   5.00   0.0000 /?   0.0000      n.a.
 2014-Oct-25 21:00   13 59 56.46 -12 13 34.8 -26.75 -10.59 216.52   4.99   0.0000 /?   0.0000      n.a.
 2014-Oct-25 22:00   14 00 06.14 -12 14 26.2 -26.75 -10.59 215.97   4.99   0.0000 /?   0.0000      n.a.
 2014-Oct-25 23:00   14 00 15.83 -12 15 17.6 -26.75 -10.59 215.42   4.99   0.0000 /?   0.0000      n.a.
 2014-Oct-26 00:00   14 00 25.52 -12 16 09.1 -26.75 -10.59 214.87   4.98   0.0000 /?   0.0000      n.a.
 2014-Oct-26 01:00   14 00 35.20 -12 17 00.6 -26.75 -10.59 214.32   4.98   0.0000 /?   0.0000      n.a.
 2014-Oct-26 02:00   14 00 44.88 -12 17 52.3 -26.75 -10.59 213.77   4.97   0.0000 /?   0.0000      n.a.
 2014-Oct-26 03:00   14 00 54.54 -12 18 43.9 -26.75 -10.59 213.22   4.97   0.0000 /?   0.0000      n.a.
 2014-Oct-26 04:00   14 01 04.18 -12 19 35.6 -26.75 -10.59 212.67   4.97   0.0000 /?   0.0000      n.a.
 2014-Oct-26 05:00   14 01 13.79 -12 20 27.3 -26.75 -10.59 212.12   4.96   0.0000 /?   0.0000      n.a.
 2014-Oct-26 06:00   14 01 23.37 -12 21 19.0 -26.75 -10.59 211.57   4.96   0.0000 /?   0.0000      n.a.
 2014-Oct-26 07:00   14 01 32.93 -12 22 10.7 -26.75 -10.59 211.02   4.96   0.0000 /?   0.0000      n.a.
 2014-Oct-26 08:00   14 01 42.46 -12 23 02.3 -26.75 -10.59 210.48   4.95   0.0000 /?   0.0000      n.a.
 2014-Oct-26 09:00   14 01 51.97 -12 23 53.8 -26.75 -10.59 209.93   4.95   0.0000 /?   0.0000      n.a.
 2014-Oct-26 10:00   14 02 01.47 -12 24 45.3 -26.75 -10.59 209.38   4.94   0.0000 /?   0.0000      n.a.
 2014-Oct-26 11:00   14 02 10.96 -12 25 36.6 -26.75 -10.59 208.83   4.94   0.0000 /?   0.0000      n.a.
 2014-Oct-26 12:00   14 02 20.45 -12 26 27.8 -26.75 -10.59 208.28   4.94   0.0000 /?   0.0000      n.a.
 2014-Oct-26 13:00   14 02 29.94 -12 27 19.0 -26.75 -10.59 207.73   4.93   0.0000 /?   0.0000      n.a.
 2014-Oct-26 14:00   14 02 39.45 -12 28 10.0 -26.75 -10.59 207.18   4.93   0.0000 /?   0.0000      n.a.
 2014-Oct-26 15:00   14 02 48.97 -12 29 00.9 -26.75 -10.59 206.63   4.93   0.0000 /?   0.0000      n.a.
 2014-Oct-26 16:00   14 02 58.52 -12 29 51.7 -26.75 -10.59 206.08   4.92   0.0000 /?   0.0000      n.a.
 2014-Oct-26 17:00   14 03 08.10 -12 30 42.5 -26.75 -10.59 205.53   4.92   0.0000 /?   0.0000      n.a.
 2014-Oct-26 18:00   14 03 17.71 -12 31 33.3 -26.75 -10.59 204.98   4.91   0.0000 /?   0.0000      n.a.
 2014-Oct-26 19:00   14 03 27.35 -12 32 24.1 -26.76 -10.59 204.43   4.91   0.0000 /?   0.0000      n.a.
 2014-Oct-26 20:00   14 03 37.02 -12 33 14.8 -26.76 -10.59 203.88   4.91   0.0000 /?   0.0000      n.a.
 2014-Oct-26 21:00   14 03 46.71 -12 34 05.7 -26.76 -10.59 203.33   4.90   0.0000 /?   0.0000      n.a.
 2014-Oct-26 22:00   14 03 56.41 -12 34 56.5 -26.76 -10.59 202.78   4.90   0.0000 /?   0.0000      n.a.
 2014-Oct-26 23:00   14 04 06.13 -12 35 47.5 -26.76 -10.59 202.23   4.89   0.0000 /?   0.0000      n.a.
 2014-Oct-27 00:00   14 04 15.85 -12 36 38.5 -26.76 -10.59 201.68   4.89   0.0000 /?   0.0000      n.a.
 2014-Oct-27 01:00   14 04 25.57 -12 37 29.6 -26.76 -10.59 201.13   4.89   0.0000 /?   0.0000      n.a.
 2014-Oct-27 02:00   14 04 35.27 -12 38 20.7 -26.76 -10.59 200.58   4.88   0.0000 /?   0.0000      n.a.
 2014-Oct-27 03:00   14 04 44.96 -12 39 11.9 -26.76 -10.59 200.03   4.88   0.0000 /?   0.0000      n.a.
 2014-Oct-27 04:00   14 04 54.63 -12 40 03.1 -26.76 -10.59 199.49   4.87   0.0000 /?   0.0000      n.a.
 2014-Oct-27 05:00   14 05 04.27 -12 40 54.4 -26.76 -10.59 198.94   4.87   0.0000 /?   0.0000      n.a.
 2014-Oct-27 06:00   14 05 13.88 -12 41 45.6 -26.76 -10.59 198.39   4.87   0.0000 /?   0.0000      n.a.
 2014-Oct-27 07:00   14 05 23.47 -12 42 36.8 -26.76 -10.59 197.84   4.86   0.0000 /?   0.0000      n.a.
 2014-Oct-27 08:00   14 05 33.03 -12 43 27.9 -26.76 -10.59 197.29   4.86   0.0000 /?   0.0000      n.a.
 2014-Oct-27 09:00   14 05 42.58 -12 44 19.0 -26.76 -10.59 196.74   4.86   0.0000 /?   0.0000      n.a.
 2014-Oct-27 10:00   14 05 52.10 -12 45 09.9 -26.76 -10.59 196.19   4.85   0.0000 /?   0.0000      n.a.
 2014-Oct-27 11:00   14 06 01.62 -12 46 00.8 -26.76 -10.59 195.64   4.85   0.0000 /?   0.0000      n.a.
 2014-Oct-27 12:00   14 06 11.14 -12 46 51.5 -26.76 -10.59 195.09   4.84   0.0000 /?   0.0000      n.a.
 2014-Oct-27 13:00   14 06 20.66 -12 47 42.1 -26.76 -10.59 194.54   4.84   0.0000 /?   0.0000      n.a.
 2014-Oct-27 14:00   14 06 30.20 -12 48 32.6 -26.76 -10.59 193.99   4.84   0.0000 /?   0.0000      n.a.
 2014-Oct-27 15:00   14 06 39.76 -12 49 23.1 -26.76 -10.59 193.44   4.83   0.0000 /?   0.0000      n.a.
 2014-Oct-27 16:00   14 06 49.34 -12 50 13.4 -26.76 -10.59 192.89   4.83   0.0000 /?   0.0000      n.a.
 2014-Oct-27 17:00   14 06 58.95 -12 51 03.7 -26.76 -10.59 192.34   4.82   0.0000 /?   0.0000      n.a.
 2014-Oct-27 18:00   14 07 08.59 -12 51 54.0 -26.76 -10.59 191.79   4.82   0.0000 /?   0.0000      n.a.
 2014-Oct-27 19:00   14 07 18.26 -12 52 44.2 -26.76 -10.59 191.24   4.82   0.0000 /?   0.0000      n.a.
 2014-Oct-27 20:00   14 07 27.95 -12 53 34.5 -26.76 -10.59 190.69   4.81   0.0000 /?   0.0000      n.a.
 2014-Oct-27 21:00   14 07 37.67 -12 54 24.8 -26.76 -10.59 190.14   4.81   0.0000 /?   0.0000      n.a.
 2014-Oct-27 22:00   14 07 47.41 -12 55 15.2 -26.76 -10.59 189.59   4.80   0.0000 /?   0.0000      n.a.
 2014-Oct-27 23:00   14 07 57.16 -12 56 05.7 -26.76 -10.59 189.04   4.80   0.0000 /?   0.0000      n.a.
 2014-Oct-28 00:00   14 08 06.91 -12 56 56.2 -26.76 -10.59 188.49   4.80   0.0000 /?   0.0000      n.a.
 2014-Oct-28 01:00   14 08 16.66 -12 57 46.8 -26.76 -10.59 187.95   4.79   0.0000 /?   0.0000      n.a.
 2014-Oct-28 02:00   14 08 26.39 -12 58 37.4 -26.76 -10.59 187.40   4.79   0.0000 /?   0.0000      n.a.
 2014-Oct-28 03:00   14 08 36.11 -12 59 28.1 -26.76 -10.59 186.85   4.78   0.0000 /?   0.0000      n.a.
 2014-Oct-28 04:00   14 08 45.81 -13 00 18.8 -26.76 -10.59 186.30   4.78   0.0000 /?   0.0000      n.a.
 2014-Oct-28 05:00   14 08 55.48 -13 01 09.6 -26.76 -10.59 185.75   4.78   0.0000 /?   0.0000      n.a.
 2014-Oct-28 06:00   14 09 05.13 -13 02 00.3 -26.76 -10.59 185.20   4.77   0.0000 /?   0.0000      n.a.
 2014-Oct-28 07:00   14 09 14.74 -13 02 51.0 -26.76 -10.59 184.65   4.77   0.0000 /?   0.0000      n.a.
 2014-Oct-28 08:00   14 09 24.34 -13 03 41.7 -26.76 -10.59 184.10   4.76   0.0000 /?   0.0000      n.a.
 2014-Oct-28 09:00   14 09 33.91 -13 04 32.2 -26.76 -10.59 183.55   4.76   0.0000 /?   0.0000      n.a.
 2014-Oct-28 10:00   14 09 43.47 -13 05 22.7 -26.76 -10.59 183.00   4.76   0.0000 /?   0.0000      n.a.
 2014-Oct-28 11:00   14 09 53.02 -13 06 13.0 -26.76 -10.59 182.45   4.75   0.0000 /?   0.0000      n.a.
 2014-Oct-28 12:00   14 10 02.56 -13 07 03.2 -26.76 -10.59 181.90   4.75   0.0000 /?   0.0000      n.a.
 2014-Oct-28 13:00   14 10 12.12 -13 07 53.3 -26.76 -10.59 181.35   4.75   0.0000 /?   0.0000      n.a.
 2014-Oct-28 14:00   14 10 21.69 -13 08 43.3 -26.76 -10.59 180.80   4.74   0.0000 /?   0.0000      n.a.
 2014-Oct-28 15:00   14 10 31.27 -13 09 33.3 -26.76 -10.59 180.25   4.74   0.0000 /?   0.0000      n.a.
 2014-Oct-28 16:00   14 10 40.88 -13 10 23.1 -26.76 -10.59 179.70   4.73   0.0000 /?   0.0000      n.a.
 2014-Oct-28 17:00   14 10 50.53 -13 11 12.9 -26.76 -10.59 179.15   4.73   0.0000 /?   0.0000      n.a.
 2014-Oct-28 18:00   14 11 00.20 -13 12 02.6 -26.76 -10.59 178.60   4.73   0.0000 /?   0.0000      n.a.
 2014-Oct-28 19:00   14 11 09.89 -13 12 52.4 -26.76 -10.59 178.05   4.72   0.0000 /?   0.0000      n.a.
 2014-Oct-28 20:00   14 11 19.62 -13 13 42.1 -26.76 -10.59 177.50   4.72   0.0000 /?   0.0000      n.a.
 2014-Oct-28 21:00   14 11 29.37 -13 14 31.9 -26.76 -10.59 176.96   4.71   0.0000 /?   0.0000      n.a.
 2014-Oct-28 22:00   14 11 39.14 -13 15 21.8 -26.76 -10.59 176.41   4.71   0.0000 /?   0.0000      n.a.
 2014-Oct-28 23:00   14 11 48.92 -13 16 11.7 -26.76 -10.59 175.86   4.70   0.0000 /?   0.0000      n.a.
 2014-Oct-29 00:00   14 11 58.70 -13 17 01.7 -26.76 -10.59 175.31   4.70   0.0000 /?   0.0000      n.a.
 2014-Oct-29 01:00   14 12 08.48 -13 17 51.8 -26.76 -10.59 174.76   4.70   0.0000 /?   0.0000      n.a.
 2014-Oct-29 02:00   14 12 18.25 -13 18 41.9 -26.76 -10.59 174.21   4.69   0.0000 /?   0.0000      n.a.
 2014-Oct-29 03:00   14 12 28.00 -13 19 32.1 -26.76 -10.59 173.66   4.69   0.0000 /?   0.0000      n.a.
 2014-Oct-29 04:00   14 12 37.73 -13 20 22.3 -26.76 -10.59 173.11   4.68   0.0000 /?   0.0000      n.a.
 2014-Oct-29 05:00   14 12 47.43 -13 21 12.6 -26.76 -10.59 172.56   4.68   0.0000 /?   0.0000      n.a.
 2014-Oct-29 06:00   14 12 57.10 -13 22 02.8 -26.76 -10.59 172.01   4.68   0.0000 /?   0.0000      n.a.
 2014-Oct-29 07:00   14 13 06.75 -13 22 53.0 -26.76 -10.59 171.46   4.67   0.0000 /?   0.0000      n.a.
 2014-Oct-29 08:00   14 13 16.38 -13 23 43.1 -26.76 -10.59 170.91   4.67   0.0000 /?   0.0000      n.a.
 2014-Oct-29 09:00   14 13 25.98 -13 24 33.1 -26.76 -10.59 170.36   4.66   0.0000 /?   0.0000      n.a.
 2014-Oct-29 10:00   14 13 35.57 -13 25 23.1 -26.76 -10.59 169.81   4.66   0.0000 /?   0.0000      n.a.
 2014-Oct-29 11:00   14 13 45.15 -13 26 12.9 -26.76 -10.59 169.26   4.66   0.0000 /?   0.0000      n.a.
 2014-Oct-29 12:00   14 13 54.73 -13 27 02.6 -26.76 -10.59 168.71   4.65   0.0000 /?   0.0000      n.a.
 2014-Oct-29 13:00   14 14 04.31 -13 27 52.2 -26.76 -10.59 168.16   4.65   0.0000 /?   0.0000      n.a.
 2014-Oct-29 14:00   14 14 13.91 -13 28 41.6 -26.76 -10.59 167.61   4.65   0.0000 /?   0.0000      n.a.
 2014-Oct-29 15:00   14 14 23.53 -13 29 31.0 -26.76 -10.59 167.06   4.64   0.0000 /?   0.0000      n.a.
 2014-Oct-29 16:00   14 14 33.17 -13 30 20.3 -26.76 -10.59 166.51   4.64   0.0000 /?   0.0000      n.a.
 2014-Oct-29 17:00   14 14 42.84 -13 31 09.6 -26.76 -10.59 165.97   4.63   0.0000 /?   0.0000      n.a.
 2014-Oct-29 18:00   14 14 52.54 -13 31 58.8 -26.76 -10.59 165.42   4.63   0.0000 /?   0.0000      n.a.
 2014-Oct-29 19:00   14 15 02.27 -13 32 48.0 -26.76 -10.59 164.87   4.62   0.0000 /?   0.0000      n.a.
 2014-Oct-29 20:00   14 15 12.03 -13 33 37.2 -26.76 -10.59 164.32   4.62   0.0000 /?   0.0000      n.a.
 2014-Oct-29 21:00   14 15 21.81 -13 34 26.5 -26.76 -10.59 163.77   4.62   0.0000 /?   0.0000      n.a.
 2014-Oct-29 22:00   14 15 31.61 -13 35 15.8 -26.76 -10.59 163.22   4.61   0.0000 /?   0.0000      n.a.
 2014-Oct-29 23:00   14 15 41.42 -13 36 05.2 -26.76 -10.59 162.67   4.61   0.0000 /?   0.0000      n.a.
 2014-Oct-30 00:00   14 15 51.24 -13 36 54.7 -26.76 -10.59 162.12   4.60   0.0000 /?   0.0000      n.a.
 2014-Oct-30 01:00   14 16 01.04 -13 37 44.2 -26.76 -10.59 161.57   4.60   0.0000 /?   0.0000      n.a.
 2014-Oct-30 02:00   14 16 10.84 -13 38 33.8 -26.76 -10.59 161.02   4.59   0.0000 /?   0.0000      n.a.
 2014-Oct-30 03:00   14 16 20.63 -13 39 23.5 -26.76 -10.59 160.47   4.59   0.0000 /?   0.0000      n.a.
 2014-Oct-30 04:00   14 16 30.39 -13 40 13.2 -26.76 -10.59 159.92   4.59   0.0000 /?   0.0000      n.a.
 2014-Oct-30 05:00   14 16 40.12 -13 41 02.9 -26.76 -10.59 159.37   4.58   0.0000 /?   0.0000      n.a.
 2014-Oct-30 06:00   14 16 49.83 -13 41 52.6 -26.76 -10.59 158.83   4.58   0.0000 /?   0.0000      n.a.
 2014-Oct-30 07:00   14 16 59.51 -13 42 42.2 -26.76 -10.59 158.28   4.57   0.0000 /?   0.0000      n.a.
 2014-Oct-30 08:00   14 17 09.16 -13 43 31.8 -26.76 -10.59 157.73   4.57   0.0000 /?   0.0000      n.a.
 2014-Oct-30 09:00   14 17 18.80 -13 44 21.3 -26.76 -10.59 157.18   4.57   0.0000 /?   0.0000      n.a.
 2014-Oct-30 10:00   14 17 28.41 -13 45 10.7 -26.76 -10.59 156.63   4.56   0.0000 /?   0.0000      n.a.
 2014-Oct-30 11:00   14 17 38.03 -13 46 00.0 -26.76 -10.59 156.08   4.56   0.0000 /?   0.0000      n.a.
 2014-Oct-30 12:00   14 17 47.64 -13 46 49.2 -26.76 -10.59 155.53   4.56   0.0000 /?   0.0000      n.a.
 2014-Oct-30 13:00   14 17 57.25 -13 47 38.2 -26.76 -10.59 154.98   4.55   0.0000 /?   0.0000      n.a.
 2014-Oct-30 14:00   14 18 06.88 -13 48 27.1 -26.76 -10.59 154.43   4.55   0.0000 /?   0.0000      n.a.
 2014-Oct-30 15:00   14 18 16.53 -13 49 16.0 -26.76 -10.59 153.88   4.54   0.0000 /?   0.0000      n.a.
 2014-Oct-30 16:00   14 18 26.21 -13 50 04.7 -26.76 -10.59 153.33   4.54   0.0000 /?   0.0000      n.a.
 2014-Oct-30 17:00   14 18 35.91 -13 50 53.4 -26.76 -10.59 152.78   4.53   0.0000 /?   0.0000      n.a.
 2014-Oct-30 18:00   14 18 45.64 -13 51 42.1 -26.76 -10.59 152.23   4.53   0.0000 /?   0.0000      n.a.
 2014-Oct-30 19:00   14 18 55.40 -13 52 30.7 -26.76 -10.59 151.68   4.53   0.0000 /?   0.0000      n.a.
 2014-Oct-30 20:00   14 19 05.19 -13 53 19.4 -26.76 -10.59 151.13   4.52   0.0000 /?   0.0000      n.a.
 2014-Oct-30 21:00   14 19 15.01 -13 54 08.1 -26.76 -10.59 150.58   4.52   0.0000 /?   0.0000      n.a.
 2014-Oct-30 22:00   14 19 24.84 -13 54 56.9 -26.76 -10.59 150.03   4.51   0.0000 /?   0.0000      n.a.
 2014-Oct-30 23:00   14 19 34.68 -13 55 45.7 -26.76 -10.59 149.48   4.51   0.0000 /?   0.0000      n.a.
 2014-Oct-31 00:00   14 19 44.52 -13 56 34.6 -26.76 -10.59 148.93   4.50   0.0000 /?   0.0000      n.a.
 2014-Oct-31 01:00   14 19 54.36 -13 57 23.6 -26.76 -10.59 148.38   4.50   0.0000 /?   0.0000      n.a.
 2014-Oct-31 02:00   14 20 04.20 -13 58 12.7 -26.76 -10.59 147.84   4.50   0.0000 /?   0.0000      n.a.
 2014-Oct-31 03:00   14 20 14.01 -13 59 01.8 -26.76 -10.59 147.29   4.49   0.0000 /?   0.0000      n.a.
 2014-Oct-31 04:00   14 20 23.80 -13 59 51.0 -26.76 -10.59 146.74   4.49   0.0000 /?   0.0000      n.a.
 2014-Oct-31 05:00   14 20 33.57 -14 00 40.1 -26.76 -10.59 146.19   4.48   0.0000 /?   0.0000      n.a.
 2014-Oct-31 06:00   14 20 43.30 -14 01 29.3 -26.76 -10.59 145.64   4.48   0.0000 /?   0.0000      n.a.
 2014-Oct-31 07:00   14 20 53.02 -14 02 18.4 -26.76 -10.59 145.09   4.48   0.0000 /?   0.0000      n.a.
 2014-Oct-31 08:00   14 21 02.70 -14 03 07.5 -26.76 -10.59 144.54   4.47   0.0000 /?   0.0000      n.a.
 2014-Oct-31 09:00   14 21 12.37 -14 03 56.4 -26.76 -10.59 143.99   4.47   0.0000 /?   0.0000      n.a.
 2014-Oct-31 10:00   14 21 22.02 -14 04 45.3 -26.76 -10.59 143.44   4.46   0.0000 /?   0.0000      n.a.
 2014-Oct-31 11:00   14 21 31.66 -14 05 34.0 -26.76 -10.59 142.89   4.46   0.0000 /?   0.0000      n.a.
 2014-Oct-31 12:00   14 21 41.30 -14 06 22.6 -26.76 -10.59 142.34   4.46   0.0000 /?   0.0000      n.a.
 2014-Oct-31 13:00   14 21 50.95 -14 07 11.1 -26.76 -10.59 141.79   4.45   0.0000 /?   0.0000      n.a.
 2014-Oct-31 14:00   14 22 00.61 -14 07 59.4 -26.76 -10.59 141.24   4.45   0.0000 /?   0.0000      n.a.
 2014-Oct-31 15:00   14 22 10.29 -14 08 47.7 -26.76 -10.59 140.69   4.44   0.0000 /?   0.0000      n.a.
 2014-Oct-31 16:00   14 22 20.00 -14 09 35.9 -26.76 -10.59 140.14   4.44   0.0000 /?   0.0000      n.a.
 2014-Oct-31 17:00   14 22 29.73 -14 10 24.0 -26.76 -10.59 139.59   4.44   0.0000 /?   0.0000      n.a.
 2014-Oct-31 18:00   14 22 39.50 -14 11 12.1 -26.76 -10.59 139.04   4.43   0.0000 /?   0.0000      n.a.
 2014-Oct-31 19:00   14 22 49.29 -14 12 00.2 -26.76 -10.59 138.49   4.43   0.0000 /?   0.0000      n.a.
 2014-Oct-31 20:00   14 22 59.11 -14 12 48.3 -26.76 -10.59 137.94   4.42   0.0000 /?   0.0000      n.a.
 2014-Oct-31 21:00   14 23 08.96 -14 13 36.4 -26.76 -10.59 137.39   4.42   0.0000 /?   0.0000      n.a.
 2014-Oct-31 22:00   14 23 18.82 -14 14 24.6 -26.76 -10.59 136.85   4.41   0.0000 /?   0.0000      n.a.
 2014-Oct-31 23:00   14 23 28.69 -14 15 12.9 -26.76 -10.59 136.30   4.41   0.0000 /?   0.0000      n.a.
 2014-Nov-01 00:00   14 23 38.57 -14 16 01.2 -26.76 -10.59 135.75   4.41   0.0000 /?   0.0000      n.a.
 2014-Nov-01 01:00   14 23 48.45 -14 16 49.7 -26.76 -10.59 135.20   4.40   0.0000 /?   0.0000      n.a.
 2014-Nov-01 02:00   14 23 58.31 -14 17 38.2 -26.76 -10.59 134.65   4.40   0.0000 /?   0.0000      n.a.
 2014-Nov-01 03:00   14 24 08.15 -14 18 26.7 -26.76 -10.59 134.10   4.39   0.0000 /?   0.0000      n.a.
 2014-Nov-01 04:00   14 24 17.98 -14 19 15.3 -26.76 -10.59 133.55   4.39   0.0000 /?   0.0000      n.a.
 2014-Nov-01 05:00   14 24 27.78 -14 20 03.9 -26.76 -10.59 133.00   4.38   0.0000 /?   0.0000      n.a.
 2014-Nov-01 06:00   14 24 37.55 -14 20 52.5 -26.76 -10.59 132.45   4.38   0.0000 /?   0.0000      n.a.
 2014-Nov-01 07:00   14 24 47.29 -14 21 41.1 -26.76 -10.59 131.90   4.38   0.0000 /?   0.0000      n.a.
 2014-Nov-01 08:00   14 24 57.01 -14 22 29.6 -26.76 -10.59 131.35   4.37   0.0000 /?   0.0000      n.a.
 2014-Nov-01 09:00   14 25 06.71 -14 23 17.9 -26.76 -10.59 130.80   4.37   0.0000 /?   0.0000      n.a.
 2014-Nov-01 10:00   14 25 16.39 -14 24 06.2 -26.76 -10.59 130.25   4.36   0.0000 /?   0.0000      n.a.
 2014-Nov-01 11:00   14 25 26.06 -14 24 54.4 -26.76 -10.59 129.70   4.36   0.0000 /?   0.0000      n.a.
 2014-Nov-01 12:00   14 25 35.74 -14 25 42.4 -26.76 -10.59 129.15   4.36   0.0000 /?   0.0000      n.a.
 2014-Nov-01 13:00   14 25 45.42 -14 26 30.3 -26.76 -10.59 128.60   4.35   0.0000 /?   0.0000      n.a.
 2014-Nov-01 14:00   14 25 55.11 -14 27 18.1 -26.76 -10.59 128.05   4.35   0.0000 /?   0.0000      n.a.
 2014-Nov-01 15:00   14 26 04.82 -14 28 05.8 -26.76 -10.59 127.50   4.34   0.0000 /?   0.0000      n.a.
 2014-Nov-01 16:00   14 26 14.56 -14 28 53.4 -26.76 -10.59 126.95   4.34   0.0000 /?   0.0000      n.a.
 2014-Nov-01 17:00   14 26 24.33 -14 29 40.9 -26.76 -10.59 126.41   4.33   0.0000 /?   0.0000      n.a.
 2014-Nov-01 18:00   14 26 34.12 -14 30 28.4 -26.76 -10.59 125.86   4.33   0.0000 /?   0.0000      n.a.
 2014-Nov-01 19:00   14 26 43.95 -14 31 15.9 -26.76 -10.59 125.31   4.33   0.0000 /?   0.0000      n.a.
 2014-Nov-01 20:00   14 26 53.80 -14 32 03.4 -26.76 -10.59 124.76   4.32   0.0000 /?   0.0000      n.a.
 2014-Nov-01 21:00   14 27 03.68 -14 32 51.0 -26.76 -10.59 124.21   4.32   0.0000 /?   0.0000      n.a.
 2014-Nov-01 22:00   14 27 13.58 -14 33 38.6 -26.76 -10.59 123.66   4.31   0.0000 /?   0.0000      n.a.
 2014-Nov-01 23:00   14 27 23.48 -14 34 26.3 -26.76 -10.59 123.11   4.31   0.0000 /?   0.0000      n.a.
 2014-Nov-02 00:00   14 27 33.39 -14 35 14.1 -26.76 -10.59 122.56   4.30   0.0000 /?   0.0000      n.a.
 2014-Nov-02 01:00   14 27 43.30 -14 36 01.9 -26.76 -10.59 122.01   4.30   0.0000 /?   0.0000      n.a.
 2014-Nov-02 02:00   14 27 53.19 -14 36 49.8 -26.76 -10.59 121.46   4.30   0.0000 /?   0.0000      n.a.
 2014-Nov-02 03:00   14 28 03.07 -14 37 37.8 -26.76 -10.59 120.91   4.29   0.0000 /?   0.0000      n.a.
 2014-Nov-02 04:00   14 28 12.93 -14 38 25.8 -26.76 -10.59 120.36   4.29   0.0000 /?   0.0000      n.a.
 2014-Nov-02 05:00   14 28 22.76 -14 39 13.9 -26.76 -10.59 119.82   4.28   0.0000 /?   0.0000      n.a.
 2014-Nov-02 06:00   14 28 32.56 -14 40 01.9 -26.76 -10.59 119.27   4.28   0.0000 /?   0.0000      n.a.
 2014-Nov-02 07:00   14 28 42.34 -14 40 49.8 -26.76 -10.59 118.72   4.27   0.0000 /?   0.0000      n.a.
 2014-Nov-02 08:00   14 28 52.09 -14 41 37.7 -26.76 -10.59 118.17   4.27   0.0000 /?   0.0000      n.a.
 2014-Nov-02 09:00   14 29 01.82 -14 42 25.6 -26.76 -10.59 117.62   4.27   0.0000 /?   0.0000      n.a.
 2014-Nov-02 10:00   14 29 11.53 -14 43 13.2 -26.76 -10.59 117.07   4.26   0.0000 /?   0.0000      n.a.
 2014-Nov-02 11:00   14 29 21.24 -14 44 00.8 -26.76 -10.59 116.52   4.26   0.0000 /?   0.0000      n.a.
 2014-Nov-02 12:00   14 29 30.95 -14 44 48.3 -26.76 -10.59 115.97   4.25   0.0000 /?   0.0000      n.a.
 2014-Nov-02 13:00   14 29 40.66 -14 45 35.6 -26.76 -10.59 115.42   4.25   0.0000 /?   0.0000      n.a.
 2014-Nov-02 14:00   14 29 50.38 -14 46 22.8 -26.76 -10.59 114.87   4.25   0.0000 /?   0.0000      n.a.
 2014-Nov-02 15:00   14 30 00.13 -14 47 09.8 -26.76 -10.59 114.32   4.24   0.0000 /?   0.0000      n.a.
 2014-Nov-02 16:00   14 30 09.90 -14 47 56.8 -26.76 -10.59 113.77   4.24   0.0000 /?   0.0000      n.a.
 2014-Nov-02 17:00   14 30 19.70 -14 48 43.8 -26.76 -10.59 113.22   4.23   0.0000 /?   0.0000      n.a.
 2014-Nov-02 18:00   14 30 29.53 -14 49 30.6 -26.76 -10.59 112.67   4.23   0.0000 /?   0.0000      n.a.
 2014-Nov-02 19:00   14 30 39.39 -14 50 17.5 -26.76 -10.59 112.12   4.22   0.0000 /?   0.0000      n.a.
 2014-Nov-02 20:00   14 30 49.28 -14 51 04.4 -26.76 -10.59 111.57   4.22   0.0000 /?   0.0000      n.a.
 2014-Nov-02 21:00   14 30 59.19 -14 51 51.4 -26.76 -10.59 111.02   4.21   0.0000 /?   0.0000      n.a.
 2014-Nov-02 22:00   14 31 09.11 -14 52 38.4 -26.76 -10.59 110.47   4.21   0.0000 /?   0.0000      n.a.
 2014-Nov-02 23:00   14 31 19.05 -14 53 25.5 -26.76 -10.59 109.92   4.21   0.0000 /?   0.0000      n.a.
 2014-Nov-03 00:00   14 31 29.00 -14 54 12.7 -26.76 -10.59 109.37   4.20   0.0000 /?   0.0000      n.a.
 2014-Nov-03 01:00   14 31 38.94 -14 54 59.9 -26.76 -10.59 108.83   4.20   0.0000 /?   0.0000      n.a.
 2014-Nov-03 02:00   14 31 48.86 -14 55 47.3 -26.76 -10.59 108.28   4.19   0.0000 /?   0.0000      n.a.
 2014-Nov-03 03:00   14 31 58.78 -14 56 34.7 -26.76 -10.59 107.73   4.19   0.0000 /?   0.0000      n.a.
 2014-Nov-03 04:00   14 32 08.66 -14 57 22.1 -26.76 -10.59 107.18   4.18   0.0000 /?   0.0000      n.a.
 2014-Nov-03 05:00   14 32 18.53 -14 58 09.5 -26.76 -10.59 106.63   4.18   0.0000 /?   0.0000      n.a.
 2014-Nov-03 06:00   14 32 28.36 -14 58 56.9 -26.76 -10.59 106.08   4.18   0.0000 /?   0.0000      n.a.
 2014-Nov-03 07:00   14 32 38.17 -14 59 44.3 -26.76 -10.59 105.53   4.17   0.0000 /?   0.0000      n.a.
 2014-Nov-03 08:00   14 32 47.96 -15 00 31.6 -26.76 -10.59 104.98   4.17   0.0000 /?   0.0000      n.a.
 2014-Nov-03 09:00   14 32 57.72 -15 01 18.8 -26.76 -10.59 104.43   4.16   0.0000 /?   0.0000      n.a.
 2014-Nov-03 10:00   14 33 07.47 -15 02 05.9 -26.76 -10.59 103.88   4.16   0.0000 /?   0.0000      n.a.
 2014-Nov-03 11:00   14 33 17.21 -15 02 52.9 -26.76 -10.59 103.33   4.15   0.0000 /?   0.0000      n.a.
 2014-Nov-03 12:00   14 33 26.95 -15 03 39.7 -26.76 -10.59 102.78   4.15   0.0000 /?   0.0000      n.a.
 2014-Nov-03 13:00   14 33 36.69 -15 04 26.4 -26.76 -10.59 102.23   4.15   0.0000 /?   0.0000      n.a.
 2014-Nov-03 14:00   14 33 46.45 -15 05 13.0 -26.76 -10.59 101.68   4.14   0.0000 /?   0.0000      n.a.
 2014-Nov-03 15:00   14 33 56.23 -15 05 59.4 -26.76 -10.59 101.13   4.14   0.0000 /?   0.0000      n.a.
 2014-Nov-03 16:00   14 34 06.03 -15 06 45.8 -26.76 -10.59 100.58   4.13   0.0000 /?   0.0000      n.a.
 2014-Nov-03 17:00   14 34 15.86 -15 07 32.1 -26.76 -10.59 100.03   4.13   0.0000 /?   0.0000      n.a.
 2014-Nov-03 18:00   14 34 25.73 -15 08 18.4 -26.76 -10.59  99.48   4.12   0.0000 /?   0.0000      n.a.
 2014-Nov-03 19:00   14 34 35.62 -15 09 04.7 -26.76 -10.59  98.93   4.12   0.0000 /?   0.0000      n.a.
 2014-Nov-03 20:00   14 34 45.54 -15 09 51.0 -26.76 -10.59  98.38   4.12   0.0000 /?   0.0000      n.a.
 2014-Nov-03 21:00   14 34 55.48 -15 10 37.3 -26.76 -10.59  97.84   4.11   0.0000 /?   0.0000      n.a.
 2014-Nov-03 22:00   14 35 05.44 -15 11 23.7 -26.76 -10.59  97.29   4.11   0.0000 /?   0.0000      n.a.
 2014-Nov-03 23:00   14 35 15.42 -15 12 10.2 -26.76 -10.59  96.74   4.10   0.0000 /?   0.0000      n.a.
 2014-Nov-04 00:00   14 35 25.39 -15 12 56.7 -26.76 -10.59  96.19   4.10   0.0000 /?   0.0000      n.a.
 2014-Nov-04 01:00   14 35 35.37 -15 13 43.4 -26.76 -10.59  95.64   4.09   0.0000 /?   0.0000      n.a.
 2014-Nov-04 02:00   14 35 45.33 -15 14 30.1 -26.76 -10.59  95.09   4.09   0.0000 /?   0.0000      n.a.
 2014-Nov-04 03:00   14 35 55.27 -15 15 16.9 -26.76 -10.59  94.54   4.08   0.0000 /?   0.0000      n.a.
 2014-Nov-04 04:00   14 36 05.20 -15 16 03.7 -26.76 -10.59  93.99   4.08   0.0000 /?   0.0000      n.a.
 2014-Nov-04 05:00   14 36 15.09 -15 16 50.5 -26.76 -10.59  93.44   4.08   0.0000 /?   0.0000      n.a.
 2014-Nov-04 06:00   14 36 24.96 -15 17 37.3 -26.76 -10.59  92.89   4.07   0.0000 /?   0.0000      n.a.
 2014-Nov-04 07:00   14 36 34.80 -15 18 24.1 -26.76 -10.59  92.34   4.07   0.0000 /?   0.0000      n.a.
 2014-Nov-04 08:00   14 36 44.62 -15 19 10.8 -26.76 -10.59  91.79   4.06   0.0000 /?   0.0000      n.a.
 2014-Nov-04 09:00   14 36 54.42 -15 19 57.4 -26.76 -10.59  91.24   4.06   0.0000 /?   0.0000      n.a.
 2014-Nov-04 10:00   14 37 04.20 -15 20 43.8 -26.76 -10.59  90.69   4.05   0.0000 /?   0.0000      n.a.
 2014-Nov-04 11:00   14 37 13.97 -15 21 30.2 -26.76 -10.59  90.15   4.05   0.0000 /?   0.0000      n.a.
 2014-Nov-04 12:00   14 37 23.74 -15 22 16.4 -26.76 -10.59  89.60   4.05   0.0000 /?   0.0000      n.a.
 2014-Nov-04 13:00   14 37 33.52 -15 23 02.5 -26.76 -10.59  89.05   4.04   0.0000 /?   0.0000      n.a.
 2014-Nov-04 14:00   14 37 43.31 -15 23 48.4 -26.76 -10.59  88.50   4.04   0.0000 /?   0.0000      n.a.
 2014-Nov-04 15:00   14 37 53.13 -15 24 34.2 -26.76 -10.59  87.95   4.03   0.0000 /?   0.0000      n.a.
 2014-Nov-04 16:00   14 38 02.96 -15 25 20.0 -26.76 -10.59  87.40   4.03   0.0000 /?   0.0000      n.a.
 2014-Nov-04 17:00   14 38 12.83 -15 26 05.7 -26.76 -10.59  86.85   4.02   0.0000 /?   0.0000      n.a.
 2014-Nov-04 18:00   14 38 22.73 -15 26 51.3 -26.76 -10.59  86.30   4.02   0.0000 /?   0.0000      n.a.
 2014-Nov-04 19:00   14 38 32.65 -15 27 36.9 -26.76 -10.59  85.75   4.02   0.0000 /?   0.0000      n.a.
 2014-Nov-04 20:00   14 38 42.61 -15 28 22.6 -26.76 -10.59  85.20   4.01   0.0000 /?   0.0000      n.a.
 2014-Nov-04 21:00   14 38 52.58 -15 29 08.3 -26.76 -10.59  84.65   4.01   0.0000 /?   0.0000      n.a.
 2014-Nov-04 22:00   14 39 02.58 -15 29 54.1 -26.76 -10.59  84.10   4.00   0.0000 /?   0.0000      n.a.
 2014-Nov-04 23:00   14 39 12.58 -15 30 39.9 -26.76 -10.59  83.55   4.00   0.0000 /?   0.0000      n.a.
 2014-Nov-05 00:00   14 39 22.59 -15 31 25.8 -26.76 -10.59  83.00   3.99   0.0000 /?   0.0000      n.a.
 2014-Nov-05 01:00   14 39 32.60 -15 32 11.8 -26.76 -10.59  82.45   3.99   0.0000 /?   0.0000      n.a.
 2014-Nov-05 02:00   14 39 42.60 -15 32 57.9 -26.76 -10.59  81.90   3.98   0.0000 /?   0.0000      n.a.
 2014-Nov-05 03:00   14 39 52.58 -15 33 44.1 -26.76 -10.59  81.36   3.98   0.0000 /?   0.0000      n.a.
 2014-Nov-05 04:00   14 40 02.53 -15 34 30.3 -26.76 -10.59  80.81   3.97   0.0000 /?   0.0000      n.a.
 2014-Nov-05 05:00   14 40 12.46 -15 35 16.5 -26.76 -10.59  80.26   3.97   0.0000 /?   0.0000      n.a.
 2014-Nov-05 06:00   14 40 22.37 -15 36 02.6 -26.76 -10.59  79.71   3.97   0.0000 /?   0.0000      n.a.
 2014-Nov-05 07:00   14 40 32.24 -15 36 48.8 -26.76 -10.59  79.16   3.96   0.0000 /?   0.0000      n.a.
 2014-Nov-05 08:00   14 40 42.09 -15 37 34.8 -26.76 -10.59  78.61   3.96   0.0000 /?   0.0000      n.a.
 2014-Nov-05 09:00   14 40 51.92 -15 38 20.8 -26.76 -10.59  78.06   3.95   0.0000 /?   0.0000      n.a.
 2014-Nov-05 10:00   14 41 01.74 -15 39 06.6 -26.76 -10.59  77.51   3.95   0.0000 /?   0.0000      n.a.
 2014-Nov-05 11:00   14 41 11.54 -15 39 52.3 -26.76 -10.59  76.96   3.94   0.0000 /?   0.0000      n.a.
 2014-Nov-05 12:00   14 41 21.35 -15 40 37.9 -26.76 -10.59  76.41   3.94   0.0000 /?   0.0000      n.a.
 2014-Nov-05 13:00   14 41 31.16 -15 41 23.3 -26.76 -10.59  75.86   3.94   0.0000 /?   0.0000      n.a.
 2014-Nov-05 14:00   14 41 40.99 -15 42 08.6 -26.76 -10.59  75.31   3.93   0.0000 /?   0.0000      n.a.
 2014-Nov-05 15:00   14 41 50.83 -15 42 53.8 -26.76 -10.59  74.76   3.93   0.0000 /?   0.0000      n.a.
 2014-Nov-05 16:00   14 42 00.71 -15 43 38.9 -26.76 -10.59  74.21   3.92   0.0000 /?   0.0000      n.a.
 2014-Nov-05 17:00   14 42 10.61 -15 44 23.9 -26.76 -10.59  73.66   3.92   0.0000 /?   0.0000      n.a.
 2014-Nov-05 18:00   14 42 20.54 -15 45 08.9 -26.76 -10.59  73.11   3.91   0.0000 /?   0.0000      n.a.
 2014-Nov-05 19:00   14 42 30.50 -15 45 53.9 -26.76 -10.59  72.56   3.91   0.0000 /?   0.0000      n.a.
 2014-Nov-05 20:00   14 42 40.48 -15 46 38.9 -26.76 -10.59  72.01   3.90   0.0000 /?   0.0000      n.a.
 2014-Nov-05 21:00   14 42 50.50 -15 47 24.0 -26.76 -10.59  71.46   3.90   0.0000 /?   0.0000      n.a.
 2014-Nov-05 22:00   14 43 00.53 -15 48 09.1 -26.76 -10.59  70.91   3.90   0.0000 /?   0.0000      n.a.
 2014-Nov-05 23:00   14 43 10.57 -15 48 54.3 -26.76 -10.59  70.37   3.89   0.0000 /?   0.0000      n.a.
 2014-Nov-06 00:00   14 43 20.61 -15 49 39.5 -26.76 -10.59  69.82   3.89   0.0000 /?   0.0000      n.a.
 2014-Nov-06 01:00   14 43 30.65 -15 50 24.9 -26.76 -10.59  69.27   3.88   0.0000 /?   0.0000      n.a.
 2014-Nov-06 02:00   14 43 40.68 -15 51 10.4 -26.76 -10.59  68.72   3.88   0.0000 /?   0.0000      n.a.
 2014-Nov-06 03:00   14 43 50.70 -15 51 55.9 -26.76 -10.59  68.17   3.87   0.0000 /?   0.0000      n.a.
 2014-Nov-06 04:00   14 44 00.69 -15 52 41.4 -26.76 -10.59  67.62   3.87   0.0000 /?   0.0000      n.a.
 2014-Nov-06 05:00   14 44 10.65 -15 53 27.0 -26.76 -10.59  67.07   3.86   0.0000 /?   0.0000      n.a.
 2014-Nov-06 06:00   14 44 20.59 -15 54 12.5 -26.76 -10.59  66.52   3.86   0.0000 /?   0.0000      n.a.
 2014-Nov-06 07:00   14 44 30.50 -15 54 58.0 -26.76 -10.59  65.97   3.86   0.0000 /?   0.0000      n.a.
 2014-Nov-06 08:00   14 44 40.38 -15 55 43.4 -26.76 -10.59  65.42   3.85   0.0000 /?   0.0000      n.a.
 2014-Nov-06 09:00   14 44 50.25 -15 56 28.7 -26.76 -10.59  64.87   3.85   0.0000 /?   0.0000      n.a.
 2014-Nov-06 10:00   14 45 00.10 -15 57 13.9 -26.76 -10.59  64.32   3.84   0.0000 /?   0.0000      n.a.
 2014-Nov-06 11:00   14 45 09.94 -15 57 58.9 -26.76 -10.59  63.77   3.84   0.0000 /?   0.0000      n.a.
 2014-Nov-06 12:00   14 45 19.78 -15 58 43.9 -26.76 -10.59  63.22   3.83   0.0000 /?   0.0000      n.a.
 2014-Nov-06 13:00   14 45 29.63 -15 59 28.6 -26.76 -10.59  62.67   3.83   0.0000 /?   0.0000      n.a.
 2014-Nov-06 14:00   14 45 39.49 -16 00 13.3 -26.76 -10.59  62.12   3.82   0.0000 /?   0.0000      n.a.
 2014-Nov-06 15:00   14 45 49.37 -16 00 57.8 -26.76 -10.59  61.57   3.82   0.0000 /?   0.0000      n.a.
 2014-Nov-06 16:00   14 45 59.27 -16 01 42.2 -26.76 -10.59  61.03   3.82   0.0000 /?   0.0000      n.a.
 2014-Nov-06 17:00   14 46 09.21 -16 02 26.6 -26.76 -10.59  60.48   3.81   0.0000 /?   0.0000      n.a.
 2014-Nov-06 18:00   14 46 19.17 -16 03 10.9 -26.76 -10.59  59.93   3.81   0.0000 /?   0.0000      n.a.
 2014-Nov-06 19:00   14 46 29.17 -16 03 55.2 -26.76 -10.59  59.38   3.80   0.0000 /?   0.0000      n.a.
 2014-Nov-06 20:00   14 46 39.19 -16 04 39.5 -26.76 -10.59  58.83   3.80   0.0000 /?   0.0000      n.a.
 2014-Nov-06 21:00   14 46 49.24 -16 05 23.9 -26.76 -10.59  58.28   3.79   0.0000 /?   0.0000      n.a.
 2014-Nov-06 22:00   14 46 59.30 -16 06 08.4 -26.76 -10.59  57.73   3.79   0.0000 /?   0.0000      n.a.
 2014-Nov-06 23:00   14 47 09.38 -16 06 52.9 -26.76 -10.59  57.18   3.78   0.0000 /?   0.0000      n.a.
 2014-Nov-07 00:00   14 47 19.46 -16 07 37.5 -26.76 -10.59  56.63   3.78   0.0000 /?   0.0000      n.a.
 2014-Nov-07 01:00   14 47 29.53 -16 08 22.2 -26.76 -10.59  56.08   3.77   0.0000 /?   0.0000      n.a.
 2014-Nov-07 02:00   14 47 39.60 -16 09 07.0 -26.76 -10.59  55.53   3.77   0.0000 /?   0.0000      n.a.
 2014-Nov-07 03:00   14 47 49.65 -16 09 51.8 -26.76 -10.59  54.98   3.76   0.0000 /?   0.0000      n.a.
 2014-Nov-07 04:00   14 47 59.67 -16 10 36.7 -26.76 -10.59  54.44   3.76   0.0000 /?   0.0000      n.a.
 2014-Nov-07 05:00   14 48 09.67 -16 11 21.6 -26.76 -10.59  53.89   3.76   0.0000 /?   0.0000      n.a.
 2014-Nov-07 06:00   14 48 19.64 -16 12 06.5 -26.76 -10.59  53.34   3.75   0.0000 /?   0.0000      n.a.
 2014-Nov-07 07:00   14 48 29.59 -16 12 51.3 -26.76 -10.59  52.79   3.75   0.0000 /?   0.0000      n.a.
 2014-Nov-07 08:00   14 48 39.51 -16 13 36.1 -26.76 -10.59  52.24   3.74   0.0000 /?   0.0000      n.a.
 2014-Nov-07 09:00   14 48 49.41 -16 14 20.7 -26.76 -10.59  51.69   3.74   0.0000 /?   0.0000      n.a.
 2014-Nov-07 10:00   14 48 59.29 -16 15 05.2 -26.76 -10.59  51.14   3.73   0.0000 /?   0.0000      n.a.
 2014-Nov-07 11:00   14 49 09.17 -16 15 49.6 -26.76 -10.59  50.59   3.73   0.0000 /?   0.0000      n.a.
 2014-Nov-07 12:00   14 49 19.04 -16 16 33.9 -26.76 -10.59  50.04   3.73   0.0000 /?   0.0000      n.a.
 2014-Nov-07 13:00   14 49 28.92 -16 17 18.0 -26.76 -10.59  49.49   3.72   0.0000 /?   0.0000      n.a.
 2014-Nov-07 14:00   14 49 38.82 -16 18 01.9 -26.76 -10.59  48.94   3.72   0.0000 /?   0.0000      n.a.
 2014-Nov-07 15:00   14 49 48.73 -16 18 45.8 -26.76 -10.59  48.39   3.71   0.0000 /?   0.0000      n.a.
 2014-Nov-07 16:00   14 49 58.67 -16 19 29.5 -26.76 -10.59  47.84   3.71   0.0000 /?   0.0000      n.a.
 2014-Nov-07 17:00   14 50 08.64 -16 20 13.2 -26.76 -10.59  47.29   3.70   0.0000 /?   0.0000      n.a.
 2014-Nov-07 18:00   14 50 18.64 -16 20 56.8 -26.76 -10.59  46.74   3.70   0.0000 /?   0.0000      n.a.
 2014-Nov-07 19:00   14 50 28.67 -16 21 40.4 -26.76 -10.59  46.19   3.69   0.0000 /?   0.0000      n.a.
 2014-Nov-07 20:00   14 50 38.73 -16 22 24.1 -26.76 -10.59  45.64   3.69   0.0000 /?   0.0000      n.a.
 2014-Nov-07 21:00   14 50 48.81 -16 23 07.8 -26.76 -10.59  45.09   3.68   0.0000 /?   0.0000      n.a.
 2014-Nov-07 22:00   14 50 58.91 -16 23 51.5 -26.76 -10.59  44.54   3.68   0.0000 /?   0.0000      n.a.
 2014-Nov-07 23:00   14 51 09.02 -16 24 35.4 -26.76 -10.59  44.00   3.67   0.0000 /?   0.0000      n.a.
 2014-Nov-08 00:00   14 51 19.14 -16 25 19.3 -26.76 -10.59  43.45   3.67   0.0000 /?   0.0000      n.a.
 2014-Nov-08 01:00   14 51 29.25 -16 26 03.4 -26.76 -10.59  42.90   3.67   0.0000 /?   0.0000      n.a.
 2014-Nov-08 02:00   14 51 39.35 -16 26 47.5 -26.76 -10.59  42.35   3.66   0.0000 /?   0.0000      n.a.
 2014-Nov-08 03:00   14 51 49.43 -16 27 31.6 -26.76 -10.59  41.80   3.66   0.0000 /?   0.0000      n.a.
 2014-Nov-08 04:00   14 51 59.49 -16 28 15.8 -26.76 -10.59  41.25   3.65   0.0000 /?   0.0000      n.a.
 2014-Nov-08 05:00   14 52 09.53 -16 29 00.1 -26.76 -10.59  40.70   3.65   0.0000 /?   0.0000      n.a.
 2014-Nov-08 06:00   14 52 19.53 -16 29 44.3 -26.76 -10.59  40.15   3.64   0.0000 /?   0.0000      n.a.
 2014-Nov-08 07:00   14 52 29.51 -16 30 28.4 -26.76 -10.59  39.60   3.64   0.0000 /?   0.0000      n.a.
 2014-Nov-08 08:00   14 52 39.47 -16 31 12.5 -26.76 -10.59  39.05   3.63   0.0000 /?   0.0000      n.a.
 2014-Nov-08 09:00   14 52 49.40 -16 31 56.4 -26.76 -10.59  38.50   3.63   0.0000 /?   0.0000      n.a.
 2014-Nov-08 10:00   14 52 59.32 -16 32 40.3 -26.76 -10.59  37.95   3.62   0.0000 /?   0.0000      n.a.
 2014-Nov-08 11:00   14 53 09.23 -16 33 24.0 -26.76 -10.59  37.40   3.62   0.0000 /?   0.0000      n.a.
 2014-Nov-08 12:00   14 53 19.14 -16 34 07.5 -26.76 -10.59  36.85   3.62   0.0000 /?   0.0000      n.a.
 2014-Nov-08 13:00   14 53 29.06 -16 34 50.9 -26.76 -10.59  36.30   3.61   0.0000 /?   0.0000      n.a.
 2014-Nov-08 14:00   14 53 38.99 -16 35 34.2 -26.76 -10.59  35.75   3.61   0.0000 /?   0.0000      n.a.
 2014-Nov-08 15:00   14 53 48.94 -16 36 17.3 -26.76 -10.59  35.20   3.60   0.0000 /?   0.0000      n.a.
 2014-Nov-08 16:00   14 53 58.92 -16 37 00.4 -26.76 -10.59  34.65   3.60   0.0000 /?   0.0000      n.a.
 2014-Nov-08 17:00   14 54 08.92 -16 37 43.4 -26.76 -10.59  34.11   3.59   0.0000 /?   0.0000      n.a.
 2014-Nov-08 18:00   14 54 18.96 -16 38 26.3 -26.76 -10.59  33.56   3.59   0.0000 /?   0.0000      n.a.
 2014-Nov-08 19:00   14 54 29.02 -16 39 09.2 -26.76 -10.59  33.01   3.58   0.0000 /?   0.0000      n.a.
 2014-Nov-08 20:00   14 54 39.11 -16 39 52.2 -26.76 -10.59  32.46   3.58   0.0000 /?   0.0000      n.a.
 2014-Nov-08 21:00   14 54 49.23 -16 40 35.2 -26.76 -10.59  31.91   3.57   0.0000 /?   0.0000      n.a.
 2014-Nov-08 22:00   14 54 59.37 -16 41 18.2 -26.76 -10.59  31.36   3.57   0.0000 /?   0.0000      n.a.
 2014-Nov-08 23:00   14 55 09.51 -16 42 01.4 -26.76 -10.59  30.81   3.56   0.0000 /?   0.0000      n.a.
 2014-Nov-09 00:00   14 55 19.66 -16 42 44.6 -26.76 -10.59  30.26   3.56   0.0000 /?   0.0000      n.a.
 2014-Nov-09 01:00   14 55 29.81 -16 43 27.9 -26.76 -10.59  29.71   3.56   0.0000 /?   0.0000      n.a.
 2014-Nov-09 02:00   14 55 39.95 -16 44 11.4 -26.76 -10.59  29.16   3.55   0.0000 /?   0.0000      n.a.
 2014-Nov-09 03:00   14 55 50.07 -16 44 54.8 -26.76 -10.59  28.61   3.55   0.0000 /?   0.0000      n.a.
 2014-Nov-09 04:00   14 56 00.16 -16 45 38.3 -26.76 -10.59  28.07   3.54   0.0000 /?   0.0000      n.a.
 2014-Nov-09 05:00   14 56 10.23 -16 46 21.9 -26.76 -10.59  27.52   3.54   0.0000 /?   0.0000      n.a.
 2014-Nov-09 06:00   14 56 20.27 -16 47 05.4 -26.76 -10.59  26.97   3.53   0.0000 /?   0.0000      n.a.
 2014-Nov-09 07:00   14 56 30.29 -16 47 48.8 -26.76 -10.59  26.42   3.53   0.0000 /?   0.0000      n.a.
 2014-Nov-09 08:00   14 56 40.28 -16 48 32.2 -26.76 -10.59  25.87   3.52   0.0000 /?   0.0000      n.a.
 2014-Nov-09 09:00   14 56 50.25 -16 49 15.5 -26.76 -10.59  25.32   3.52   0.0000 /?   0.0000      n.a.
 2014-Nov-09 10:00   14 57 00.20 -16 49 58.6 -26.76 -10.59  24.77   3.51   0.0000 /?   0.0000      n.a.
 2014-Nov-09 11:00   14 57 10.15 -16 50 41.6 -26.76 -10.59  24.22   3.51   0.0000 /?   0.0000      n.a.
 2014-Nov-09 12:00   14 57 20.10 -16 51 24.5 -26.76 -10.59  23.67   3.51   0.0000 /?   0.0000      n.a.
 2014-Nov-09 13:00   14 57 30.05 -16 52 07.2 -26.76 -10.59  23.12   3.50   0.0000 /?   0.0000      n.a.
 2014-Nov-09 14:00   14 57 40.01 -16 52 49.7 -26.76 -10.59  22.57   3.50   0.0000 /?   0.0000      n.a.
 2014-Nov-09 15:00   14 57 50.00 -16 53 32.1 -26.76 -10.59  22.02   3.49   0.0000 /?   0.0000      n.a.
 2014-Nov-09 16:00   14 58 00.01 -16 54 14.5 -26.76 -10.59  21.47   3.49   0.0000 /?   0.0000      n.a.
 2014-Nov-09 17:00   14 58 10.05 -16 54 56.7 -26.76 -10.59  20.92   3.48   0.0000 /?   0.0000      n.a.
 2014-Nov-09 18:00   14 58 20.12 -16 55 38.9 -26.76 -10.59  20.37   3.48   0.0000 /?   0.0000      n.a.
 2014-Nov-09 19:00   14 58 30.22 -16 56 21.1 -26.76 -10.59  19.82   3.47   0.0000 /?   0.0000      n.a.
 2014-Nov-09 20:00   14 58 40.35 -16 57 03.4 -26.76 -10.59  19.27   3.47   0.0000 /?   0.0000      n.a.
 2014-Nov-09 21:00   14 58 50.50 -16 57 45.7 -26.76 -10.59  18.72   3.46   0.0000 /?   0.0000      n.a.
 2014-Nov-09 22:00   14 59 00.67 -16 58 28.0 -26.76 -10.59  18.17   3.46   0.0000 /?   0.0000      n.a.
 2014-Nov-09 23:00   14 59 10.86 -16 59 10.4 -26.76 -10.59  17.63   3.45   0.0000 /?   0.0000      n.a.
 2014-Nov-10 00:00   14 59 21.04 -16 59 53.0 -26.76 -10.59  17.08   3.45   0.0000 /?   0.0000      n.a.
 2014-Nov-10 01:00   14 59 31.23 -17 00 35.6 -26.76 -10.59  16.53   3.44   0.0000 /?   0.0000      n.a.
 2014-Nov-10 02:00   14 59 41.40 -17 01 18.3 -26.76 -10.59  15.98   3.44   0.0000 /?   0.0000      n.a.
 2014-Nov-10 03:00   14 59 51.55 -17 02 01.1 -26.76 -10.59  15.43   3.43   0.0000 /?   0.0000      n.a.
 2014-Nov-10 04:00   15 00 01.68 -17 02 43.9 -26.76 -10.59  14.88   3.43   0.0000 /?   0.0000      n.a.
 2014-Nov-10 05:00   15 00 11.79 -17 03 26.7 -26.76 -10.59  14.33   3.43   0.0000 /?   0.0000      n.a.
 2014-Nov-10 06:00   15 00 21.87 -17 04 09.5 -26.76 -10.59  13.78   3.42   0.0000 /?   0.0000      n.a.
 2014-Nov-10 07:00   15 00 31.92 -17 04 52.2 -26.76 -10.59  13.23   3.42   0.0000 /?   0.0000      n.a.
 2014-Nov-10 08:00   15 00 41.95 -17 05 34.9 -26.76 -10.59  12.68   3.41   0.0000 /?   0.0000      n.a.
 2014-Nov-10 09:00   15 00 51.95 -17 06 17.4 -26.76 -10.59  12.13   3.41   0.0000 /?   0.0000      n.a.
 2014-Nov-10 10:00   15 01 01.94 -17 06 59.9 -26.76 -10.59  11.58   3.40   0.0000 /?   0.0000      n.a.
 2014-Nov-10 11:00   15 01 11.92 -17 07 42.1 -26.76 -10.59  11.03   3.40   0.0000 /?   0.0000      n.a.
 2014-Nov-10 12:00   15 01 21.90 -17 08 24.3 -26.76 -10.59  10.48   3.39   0.0000 /?   0.0000      n.a.
 2014-Nov-10 13:00   15 01 31.89 -17 09 06.2 -26.76 -10.59   9.93   3.39   0.0000 /?   0.0000      n.a.
 2014-Nov-10 14:00   15 01 41.89 -17 09 48.1 -26.76 -10.59   9.38   3.38   0.0000 /?   0.0000      n.a.
 2014-Nov-10 15:00   15 01 51.91 -17 10 29.8 -26.76 -10.59   8.84   3.38   0.0000 /?   0.0000      n.a.
 2014-Nov-10 16:00   15 02 01.96 -17 11 11.4 -26.76 -10.59   8.29   3.38   0.0000 /?   0.0000      n.a.
 2014-Nov-10 17:00   15 02 12.04 -17 11 52.9 -26.76 -10.59   7.74   3.37   0.0000 /?   0.0000      n.a.
 2014-Nov-10 18:00   15 02 22.14 -17 12 34.4 -26.76 -10.59   7.19   3.37   0.0000 /?   0.0000      n.a.
 2014-Nov-10 19:00   15 02 32.28 -17 13 15.9 -26.76 -10.59   6.64   3.36   0.0000 /?   0.0000      n.a.
 2014-Nov-10 20:00   15 02 42.45 -17 13 57.3 -26.76 -10.59   6.09   3.36   0.0000 /?   0.0000      n.a.
 2014-Nov-10 21:00   15 02 52.63 -17 14 38.9 -26.76 -10.59   5.54   3.35   0.0000 /?   0.0000      n.a.
 2014-Nov-10 22:00   15 03 02.84 -17 15 20.5 -26.76 -10.59   4.99   3.35   0.0000 /?   0.0000      n.a.
 2014-Nov-10 23:00   15 03 13.06 -17 16 02.2 -26.76 -10.59   4.44   3.34   0.0000 /?   0.0000      n.a.
 2014-Nov-11 00:00   15 03 23.28 -17 16 44.0 -26.76 -10.59   3.89   3.34   0.0000 /?   0.0000      n.a.
 2014-Nov-11 01:00   15 03 33.50 -17 17 25.9 -26.76 -10.59   3.34   3.33   0.0000 /?   0.0000      n.a.
 2014-Nov-11 02:00   15 03 43.71 -17 18 07.9 -26.76 -10.59   2.79   3.33   0.0000 /?   0.0000      n.a.
 2014-Nov-11 03:00   15 03 53.90 -17 18 49.9 -26.76 -10.59   2.25   3.32   0.0000 /?   0.0000      n.a.
 2014-Nov-11 04:00   15 04 04.07 -17 19 32.0 -26.76 -10.59   1.70   3.32   0.0000 /?   0.0000      n.a.
 2014-Nov-11 05:00   15 04 14.21 -17 20 14.1 -26.76 -10.59   1.15   3.31   0.0000 /?   0.0000      n.a.
 2014-Nov-11 06:00   15 04 24.32 -17 20 56.2 -26.76 -10.59   0.60   3.31   0.0000 /?   0.0000      n.a.
 2014-Nov-11 07:00   15 04 34.41 -17 21 38.2 -26.76 -10.59   0.05   3.30   0.0000 /?   0.0000      n.a.
 2014-Nov-11 08:00   15 04 44.47 -17 22 20.1 -26.76 -10.59 359.50   3.30   0.0000 /?   0.0000      n.a.
 2014-Nov-11 09:00   15 04 54.51 -17 23 01.9 -26.76 -10.59 358.95   3.29   0.0000 /?   0.0000      n.a.
 2014-Nov-11 10:00   15 05 04.54 -17 23 43.6 -26.76 -10.59 358.40   3.29   0.0000 /?   0.0000      n.a.
 2014-Nov-11 11:00   15 05 14.56 -17 24 25.2 -26.76 -10.59 357.85   3.29   0.0000 /?   0.0000      n.a.
 2014-Nov-11 12:00   15 05 24.57 -17 25 06.6 -26.76 -10.59 357.30   3.28   0.0000 /?   0.0000      n.a.
 2014-Nov-11 13:00   15 05 34.60 -17 25 47.8 -26.76 -10.59 356.75   3.28   0.0000 /?   0.0000      n.a.
 2014-Nov-11 14:00   15 05 44.63 -17 26 28.9 -26.76 -10.59 356.20   3.27   0.0000 /?   0.0000      n.a.
 2014-Nov-11 15:00   15 05 54.69 -17 27 09.8 -26.76 -10.59 355.65   3.27   0.0000 /?   0.0000      n.a.
 2014-Nov-11 16:00   15 06 04.77 -17 27 50.7 -26.76 -10.59 355.10   3.26   0.0000 /?   0.0000      n.a.
 2014-Nov-11 17:00   15 06 14.89 -17 28 31.5 -26.76 -10.59 354.55   3.26   0.0000 /?   0.0000      n.a.
 2014-Nov-11 18:00   15 06 25.03 -17 29 12.2 -26.76 -10.59 354.00   3.25   0.0000 /?   0.0000      n.a.
 2014-Nov-11 19:00   15 06 35.20 -17 29 52.9 -26.76 -10.59 353.45   3.25   0.0000 /?   0.0000      n.a.
 2014-Nov-11 20:00   15 06 45.40 -17 30 33.7 -26.76 -10.59 352.90   3.24   0.0000 /?   0.0000      n.a.
 2014-Nov-11 21:00   15 06 55.63 -17 31 14.5 -26.76 -10.59 352.35   3.24   0.0000 /?   0.0000      n.a.
 2014-Nov-11 22:00   15 07 05.87 -17 31 55.3 -26.76 -10.59 351.81   3.23   0.0000 /?   0.0000      n.a.
 2014-Nov-11 23:00   15 07 16.13 -17 32 36.3 -26.76 -10.59 351.26   3.23   0.0000 /?   0.0000      n.a.
 2014-Nov-12 00:00   15 07 26.38 -17 33 17.4 -26.76 -10.59 350.71   3.22   0.0000 /?   0.0000      n.a.
 2014-Nov-12 01:00   15 07 36.64 -17 33 58.5 -26.76 -10.59 350.16   3.22   0.0000 /?   0.0000      n.a.
 2014-Nov-12 02:00   15 07 46.88 -17 34 39.7 -26.76 -10.59 349.61   3.21   0.0000 /?   0.0000      n.a.
 2014-Nov-12 03:00   15 07 57.11 -17 35 21.0 -26.76 -10.59 349.06   3.21   0.0000 /?   0.0000      n.a.
 2014-Nov-12 04:00   15 08 07.31 -17 36 02.4 -26.76 -10.59 348.51   3.20   0.0000 /?   0.0000      n.a.
 2014-Nov-12 05:00   15 08 17.49 -17 36 43.7 -26.76 -10.59 347.96   3.20   0.0000 /?   0.0000      n.a.
 2014-Nov-12 06:00   15 08 27.64 -17 37 25.0 -26.76 -10.59 347.41   3.19   0.0000 /?   0.0000      n.a.
 2014-Nov-12 07:00   15 08 37.77 -17 38 06.3 -26.76 -10.59 346.86   3.19   0.0000 /?   0.0000      n.a.
 2014-Nov-12 08:00   15 08 47.86 -17 38 47.5 -26.76 -10.59 346.31   3.19   0.0000 /?   0.0000      n.a.
 2014-Nov-12 09:00   15 08 57.94 -17 39 28.6 -26.76 -10.59 345.77   3.18   0.0000 /?   0.0000      n.a.
 2014-Nov-12 10:00   15 09 08.00 -17 40 09.5 -26.76 -10.59 345.22   3.18   0.0000 /?   0.0000      n.a.
 2014-Nov-12 11:00   15 09 18.06 -17 40 50.3 -26.76 -10.59 344.67   3.17   0.0000 /?   0.0000      n.a.
 2014-Nov-12 12:00   15 09 28.11 -17 41 30.9 -26.76 -10.59 344.12   3.17   0.0000 /?   0.0000      n.a.
 2014-Nov-12 13:00   15 09 38.17 -17 42 11.4 -26.76 -10.59 343.57   3.16   0.0000 /?   0.0000      n.a.
 2014-Nov-12 14:00   15 09 48.24 -17 42 51.7 -26.76 -10.59 343.02   3.16   0.0000 /?   0.0000      n.a.
 2014-Nov-12 15:00   15 09 58.33 -17 43 31.9 -26.76 -10.59 342.47   3.15   0.0000 /?   0.0000      n.a.
 2014-Nov-12 16:00   15 10 08.45 -17 44 12.0 -26.76 -10.59 341.92   3.15   0.0000 /?   0.0000      n.a.
 2014-Nov-12 17:00   15 10 18.60 -17 44 52.0 -26.76 -10.59 341.37   3.14   0.0000 /?   0.0000      n.a.
 2014-Nov-12 18:00   15 10 28.78 -17 45 32.0 -26.76 -10.59 340.82   3.14   0.0000 /?   0.0000      n.a.
 2014-Nov-12 19:00   15 10 38.99 -17 46 12.0 -26.76 -10.59 340.27   3.13   0.0000 /?   0.0000      n.a.
 2014-Nov-12 20:00   15 10 49.23 -17 46 52.0 -26.76 -10.59 339.72   3.13   0.0000 /?   0.0000      n.a.
 2014-Nov-12 21:00   15 10 59.49 -17 47 32.0 -26.76 -10.59 339.17   3.12   0.0000 /?   0.0000      n.a.
 2014-Nov-12 22:00   15 11 09.77 -17 48 12.1 -26.76 -10.59 338.62   3.12   0.0000 /?   0.0000      n.a.
 2014-Nov-12 23:00   15 11 20.06 -17 48 52.3 -26.76 -10.59 338.07   3.11   0.0000 /?   0.0000      n.a.
 2014-Nov-13 00:00   15 11 30.35 -17 49 32.6 -26.76 -10.59 337.52   3.11   0.0000 /?   0.0000      n.a.
 2014-Nov-13 01:00   15 11 40.64 -17 50 13.0 -26.76 -10.59 336.98   3.10   0.0000 /?   0.0000      n.a.
 2014-Nov-13 02:00   15 11 50.92 -17 50 53.4 -26.76 -10.59 336.43   3.10   0.0000 /?   0.0000      n.a.
 2014-Nov-13 03:00   15 12 01.19 -17 51 34.0 -26.76 -10.59 335.88   3.09   0.0000 /?   0.0000      n.a.
 2014-Nov-13 04:00   15 12 11.43 -17 52 14.6 -26.76 -10.59 335.33   3.09   0.0000 /?   0.0000      n.a.
 2014-Nov-13 05:00   15 12 21.64 -17 52 55.1 -26.76 -10.59 334.78   3.08   0.0000 /?   0.0000      n.a.
 2014-Nov-13 06:00   15 12 31.83 -17 53 35.7 -26.76 -10.59 334.23   3.08   0.0000 /?   0.0000      n.a.
 2014-Nov-13 07:00   15 12 41.99 -17 54 16.2 -26.76 -10.59 333.68   3.08   0.0000 /?   0.0000      n.a.
 2014-Nov-13 08:00   15 12 52.12 -17 54 56.7 -26.76 -10.59 333.13   3.07   0.0000 /?   0.0000      n.a.
 2014-Nov-13 09:00   15 13 02.24 -17 55 37.0 -26.76 -10.59 332.58   3.07   0.0000 /?   0.0000      n.a.
 2014-Nov-13 10:00   15 13 12.33 -17 56 17.1 -26.76 -10.59 332.03   3.06   0.0000 /?   0.0000      n.a.
 2014-Nov-13 11:00   15 13 22.42 -17 56 57.2 -26.76 -10.59 331.48   3.06   0.0000 /?   0.0000      n.a.
 2014-Nov-13 12:00   15 13 32.51 -17 57 37.0 -26.76 -10.59 330.93   3.05   0.0000 /?   0.0000      n.a.
 2014-Nov-13 13:00   15 13 42.61 -17 58 16.7 -26.76 -10.59 330.38   3.05   0.0000 /?   0.0000      n.a.
 2014-Nov-13 14:00   15 13 52.71 -17 58 56.3 -26.76 -10.59 329.83   3.04   0.0000 /?   0.0000      n.a.
 2014-Nov-13 15:00   15 14 02.84 -17 59 35.7 -26.76 -10.59 329.28   3.04   0.0000 /?   0.0000      n.a.
 2014-Nov-13 16:00   15 14 13.00 -18 00 15.0 -26.76 -10.59 328.73   3.03   0.0000 /?   0.0000      n.a.
 2014-Nov-13 17:00   15 14 23.18 -18 00 54.2 -26.76 -10.59 328.18   3.03   0.0000 /?   0.0000      n.a.
 2014-Nov-13 18:00   15 14 33.40 -18 01 33.4 -26.76 -10.59 327.64   3.02   0.0000 /?   0.0000      n.a.
 2014-Nov-13 19:00   15 14 43.64 -18 02 12.6 -26.76 -10.59 327.09   3.02   0.0000 /?   0.0000      n.a.
 2014-Nov-13 20:00   15 14 53.91 -18 02 51.8 -26.76 -10.59 326.54   3.01   0.0000 /?   0.0000      n.a.
 2014-Nov-13 21:00   15 15 04.21 -18 03 31.1 -26.76 -10.59 325.99   3.01   0.0000 /?   0.0000      n.a.
 2014-Nov-13 22:00   15 15 14.53 -18 04 10.4 -26.76 -10.59 325.44   3.00   0.0000 /?   0.0000      n.a.
 2014-Nov-13 23:00   15 15 24.85 -18 04 49.8 -26.76 -10.59 324.89   3.00   0.0000 /?   0.0000      n.a.
 2014-Nov-14 00:00   15 15 35.19 -18 05 29.3 -26.76 -10.59 324.34   2.99   0.0000 /?   0.0000      n.a.
 2014-Nov-14 01:00   15 15 45.51 -18 06 08.9 -26.77 -10.59 323.79   2.99   0.0000 /?   0.0000      n.a.
 2014-Nov-14 02:00   15 15 55.83 -18 06 48.6 -26.77 -10.59 323.24   2.98   0.0000 /?   0.0000      n.a.
 2014-Nov-14 03:00   15 16 06.13 -18 07 28.4 -26.77 -10.59 322.69   2.98   0.0000 /?   0.0000      n.a.
 2014-Nov-14 04:00   15 16 16.41 -18 08 08.2 -26.77 -10.59 322.15   2.97   0.0000 /?   0.0000      n.a.
 2014-Nov-14 05:00   15 16 26.66 -18 08 48.0 -26.77 -10.59 321.60   2.97   0.0000 /?   0.0000      n.a.
 2014-Nov-14 06:00   15 16 36.88 -18 09 27.8 -26.77 -10.59 321.05   2.96   0.0000 /?   0.0000      n.a.
 2014-Nov-14 07:00   15 16 47.08 -18 10 07.5 -26.77 -10.59 320.50   2.96   0.0000 /?   0.0000      n.a.
 2014-Nov-14 08:00   15 16 57.25 -18 10 47.2 -26.77 -10.59 319.95   2.96   0.0000 /?   0.0000      n.a.
 2014-Nov-14 09:00   15 17 07.40 -18 11 26.7 -26.77 -10.59 319.40   2.95   0.0000 /?   0.0000      n.a.
 2014-Nov-14 10:00   15 17 17.53 -18 12 06.1 -26.77 -10.59 318.85   2.95   0.0000 /?   0.0000      n.a.
 2014-Nov-14 11:00   15 17 27.65 -18 12 45.3 -26.77 -10.59 318.30   2.94   0.0000 /?   0.0000      n.a.
 2014-Nov-14 12:00   15 17 37.78 -18 13 24.4 -26.77 -10.59 317.75   2.94   0.0000 /?   0.0000      n.a.
 2014-Nov-14 13:00   15 17 47.91 -18 14 03.3 -26.77 -10.59 317.20   2.93   0.0000 /?   0.0000      n.a.
 2014-Nov-14 14:00   15 17 58.05 -18 14 42.1 -26.77 -10.59 316.65   2.93   0.0000 /?   0.0000      n.a.
 2014-Nov-14 15:00   15 18 08.22 -18 15 20.7 -26.77 -10.59 316.10   2.92   0.0000 /?   0.0000      n.a.
 2014-Nov-14 16:00   15 18 18.41 -18 15 59.2 -26.77 -10.59 315.55   2.92   0.0000 /?   0.0000      n.a.
 2014-Nov-14 17:00   15 18 28.63 -18 16 37.7 -26.77 -10.59 315.00   2.91   0.0000 /?   0.0000      n.a.
 2014-Nov-14 18:00   15 18 38.88 -18 17 16.0 -26.77 -10.59 314.45   2.91   0.0000 /?   0.0000      n.a.
 2014-Nov-14 19:00   15 18 49.16 -18 17 54.4 -26.77 -10.59 313.90   2.90   0.0000 /?   0.0000      n.a.
 2014-Nov-14 20:00   15 18 59.47 -18 18 32.8 -26.77 -10.59 313.35   2.90   0.0000 /?   0.0000      n.a.
 2014-Nov-14 21:00   15 19 09.80 -18 19 11.3 -26.77 -10.59 312.80   2.89   0.0000 /?   0.0000      n.a.
 2014-Nov-14 22:00   15 19 20.16 -18 19 49.8 -26.77 -10.59 312.26   2.89   0.0000 /?   0.0000      n.a.
 2014-Nov-14 23:00   15 19 30.52 -18 20 28.4 -26.77 -10.59 311.71   2.88   0.0000 /?   0.0000      n.a.
 2014-Nov-15 00:00   15 19 40.89 -18 21 07.1 -26.77 -10.59 311.16   2.88   0.0000 /?   0.0000      n.a.
 2014-Nov-15 01:00   15 19 51.25 -18 21 46.0 -26.77 -10.59 310.61   2.87   0.0000 /?   0.0000      n.a.
 2014-Nov-15 02:00   15 20 01.60 -18 22 24.9 -26.77 -10.59 310.06   2.87   0.0000 /?   0.0000      n.a.
 2014-Nov-15 03:00   15 20 11.94 -18 23 03.8 -26.77 -10.59 309.51   2.86   0.0000 /?   0.0000      n.a.
 2014-Nov-15 04:00   15 20 22.25 -18 23 42.8 -26.77 -10.59 308.96   2.86   0.0000 /?   0.0000      n.a.
 2014-Nov-15 05:00   15 20 32.54 -18 24 21.9 -26.77 -10.59 308.41   2.85   0.0000 /?   0.0000      n.a.
 2014-Nov-15 06:00   15 20 42.80 -18 25 00.9 -26.77 -10.59 307.86   2.85   0.0000 /?   0.0000      n.a.
 2014-Nov-15 07:00   15 20 53.03 -18 25 39.8 -26.77 -10.59 307.31   2.84   0.0000 /?   0.0000      n.a.
 2014-Nov-15 08:00   15 21 03.24 -18 26 18.7 -26.77 -10.59 306.76   2.84   0.0000 /?   0.0000      n.a.
 2014-Nov-15 09:00   15 21 13.42 -18 26 57.4 -26.77 -10.59 306.22   2.83   0.0000 /?   0.0000      n.a.
 2014-Nov-15 10:00   15 21 23.59 -18 27 36.0 -26.77 -10.59 305.67   2.83   0.0000 /?   0.0000      n.a.
 2014-Nov-15 11:00   15 21 33.75 -18 28 14.4 -26.77 -10.59 305.12   2.82   0.0000 /?   0.0000      n.a.
 2014-Nov-15 12:00   15 21 43.91 -18 28 52.7 -26.77 -10.59 304.57   2.82   0.0000 /?   0.0000      n.a.
 2014-Nov-15 13:00   15 21 54.08 -18 29 30.8 -26.77 -10.59 304.02   2.82   0.0000 /?   0.0000      n.a.
 2014-Nov-15 14:00   15 22 04.26 -18 30 08.8 -26.77 -10.59 303.47   2.81   0.0000 /?   0.0000      n.a.
 2014-Nov-15 15:00   15 22 14.46 -18 30 46.6 -26.77 -10.59 302.92   2.81   0.0000 /?   0.0000      n.a.
 2014-Nov-15 16:00   15 22 24.69 -18 31 24.3 -26.77 -10.59 302.37   2.80   0.0000 /?   0.0000      n.a.
 2014-Nov-15 17:00   15 22 34.94 -18 32 01.9 -26.77 -10.59 301.82   2.80   0.0000 /?   0.0000      n.a.
 2014-Nov-15 18:00   15 22 45.23 -18 32 39.5 -26.77 -10.59 301.27   2.79   0.0000 /?   0.0000      n.a.
 2014-Nov-15 19:00   15 22 55.54 -18 33 17.0 -26.77 -10.59 300.72   2.79   0.0000 /?   0.0000      n.a.
 2014-Nov-15 20:00   15 23 05.89 -18 33 54.6 -26.77 -10.59 300.17   2.78   0.0000 /?   0.0000      n.a.
 2014-Nov-15 21:00   15 23 16.26 -18 34 32.3 -26.77 -10.59 299.62   2.78   0.0000 /?   0.0000      n.a.
 2014-Nov-15 22:00   15 23 26.65 -18 35 10.0 -26.77 -10.59 299.07   2.77   0.0000 /?   0.0000      n.a.
 2014-Nov-15 23:00   15 23 37.05 -18 35 47.8 -26.77 -10.59 298.52   2.77   0.0000 /?   0.0000      n.a.
 2014-Nov-16 00:00   15 23 47.45 -18 36 25.7 -26.77 -10.59 297.97   2.76   0.0000 /?   0.0000      n.a.