# pulse height: 100
# THL 	 Mean hits
200	1
201	1
202	1
203	1
204	1
205	1
206	1
207	1
208	1
209	1
210	1
211	1
212	1
213	1
214	1
215	1
216	1
217	1
218	1
219	1
220	1
221	1
222	1
223	1
224	1
225	1
226	1
227	1
228	1
229	1
230	1
231	1
232	1
233	1
234	1
235	1
236	1
237	1
238	1
239	1
240	1
241	1
242	1
243	1
244	1
245	1
246	1
247	1
248	1
249	1
250	1
251	1
252	1
253	1
254	1
255	1
256	1
257	1
258	1
259	1
260	1
261	2
262	2
263	2
264	2
265	2
266	3
267	4
268	6
269	9
270	15
271	23
272	33
273	50
274	83
275	127
276	167
277	233
278	308
279	391
280	461
281	552
282	624
283	705
284	774
285	842
286	874
287	919
288	940
289	963
290	975
291	986
292	993
293	997
294	999
295	1000
296	1000
297	1000
298	1000
299	1000
300	1000
301	1000
302	1001
303	1001
304	1001
305	1001
306	1001
307	1001
308	1001
309	1001
310	1001
311	1001
312	1001
313	1001
314	1001
315	1001
316	1001
317	1001
318	1001
319	1001
320	1001
321	1001
322	1001
323	1001
324	1001
325	1001
326	1001
327	1001
328	1001
329	1001
330	1001
331	1001
332	1001
333	1001
334	1001
335	1001
336	1001
337	1001
338	1001
339	1001
340	1001
341	1001
342	1001
343	1001
344	1001
345	1001
346	1001
347	1001
348	1001
349	1001
350	1001
351	1001
352	1001
353	1001
354	1002
355	1002
356	1002
357	1002
358	1003
359	1003
360	1004
361	1005
362	1005
363	1006
364	1008
365	1009
366	1011
367	1014
368	1018
369	1023
370	1033
371	1045
372	1062
373	1082
374	1132
375	1179
376	1235
377	1369
378	1626
379	1873
380	2140
381	2413
382	2691
383	2954
384	3358
385	3614
386	3866
387	3920
388	3867
389	3605
390	3303
391	2812
392	2582
393	2236
394	1904
395	1706
396	1562
397	1416
398	1297
399	1216
400	1132
401	1075
402	1046
403	1029
404	1018
405	1010
406	1006
407	1004
408	1002
409	1001
410	1000
411	1000
412	1000
413	1000
414	1000
415	1000
416	1000
417	1000
418	1000
419	1000
420	1000
421	1000
422	1000
423	1000
424	1000
425	1000
426	1000
427	1000
428	1000
429	1000
430	1000
431	1000
432	1000
433	1000
434	1000
435	1000
436	1000
437	1000
438	1000
439	1000
440	1000
441	1000
442	1000
443	1000
444	1000
445	1000
446	1000
447	1000
448	1000
449	1000
450	1000
451	1000
452	1000
453	1000
454	1000
455	1000
456	1000
457	1000
458	1000
459	1000
460	1000
461	1000
462	1000
463	1000
464	1000
465	999
466	999
467	999
468	999
469	999
470	999
471	998
472	998
473	996
474	992
475	989
476	983
477	972
478	951
479	928
480	902
481	869
482	826
483	765
484	702
485	638
486	547
487	476
488	414
489	352
490	290
491	225
492	197
493	157
494	126
495	97
496	79
497	64
498	55
499	39
500	33
501	24
502	20
503	12
504	8
505	6
506	3
507	1
508	1
509	1
510	1
511	1
512	1
513	0
514	0
515	0
516	0
517	0
518	0
519	0
520	0
521	0
522	0
523	0
524	0
525	0
526	0
527	0
528	0
529	0
530	0
531	0
532	0
533	0
534	0
535	0
536	0
537	0
538	0
539	0
540	0
541	0
542	0
543	0
544	0
545	0
546	0
547	0
548	0
549	0
550	0
551	0
552	0
553	0
554	0
555	0
556	0
557	0
558	0
559	0
560	0
561	0
562	0
563	0
564	0
565	0
566	0
567	0
568	0
569	0
570	0
571	0
572	0
573	0
574	0
575	0
576	0
577	0
578	0
579	0
580	0
581	0
582	0
583	0
584	0
585	0
586	0
587	0
588	0
589	0
590	0
591	0
592	0
593	0
594	0
595	0
596	0
597	0
598	0
599	0
